result "Stresses" "IGA" 1 Matrix OnNodes
ComponentNames "Sxx" "Syy" "Szz" "Sxy" "Syz" "Sxz" 
ResultRangesTable "My table" 
values
#Node S_xx S_yy S_xz S_xy S_yz S_xz 
1	1.0209099	0.3071421	0.0071486728	0.0044522986	3.9345406e-005	-0.0012914979
2	0.96810568	0.13312378	0.0080581093	0.0027635235	0.00057441671	-0.00035209376
3	0.84328976	0.0752967	0.011182125	0.0024177043	0.00043485959	-0.00076132149
4	0.55152816	0.032725024	0.025355708	0.0037498122	0.00081844689	-0.0011004385
5	0.067270225	-0.21573996	-0.014332171	0.0017091064	0.0079146646	-0.00037259239
6	-0.2402552	-1.3413511	-0.068041148	-0.00040347891	-0.0095186633	-0.00018815161
7	1.0145735	0.20112157	0.0072895284	0.017827613	-0.00013556763	-0.00013566451
8	0.99079311	0.099345136	0.0075259496	0.078972109	6.7255906e-005	0.00020421398
9	0.91692175	0.032451219	0.014018785	0.12252981	0.00062943549	0.00038931257
10	0.69205737	-0.022125645	0.030566013	0.2136739	0.0005529275	0.0012215546
11	0.23784634	-0.22299649	-0.0058004886	0.25943844	0.0082099341	-0.0004850368
12	-0.23877819	-1.132816	-0.059555669	-0.12290032	-0.006162666	0.0097633272
13	0.9973001	0.048481567	-0.0034328984	0.002816736	-0.00019803245	-0.00020071604
14	1.0221784	0.036938754	0.0016908157	0.078162309	-0.00026070145	-4.7457467e-005
15	1.0376418	-0.036737856	0.01035325	0.14129794	0.00051650442	-0.00011484137
16	0.97293015	-0.12910834	0.030441019	0.27053975	0.00037981957	0.00081737486
17	0.65821786	-0.25802095	0.012109464	0.40175852	0.0065791017	-0.0020745788
18	-0.11057928	-0.62614765	-0.02899585	-0.051871089	0.0031654065	0.01682456
19	0.98584757	-0.0063076188	-0.0052088779	-0.0085254971	0.00019730185	0.00022772482
20	1.0193589	-0.00026518234	-0.0038491847	0.033914083	-3.0269828e-005	2.8818735e-005
21	1.093026	-0.061366492	0.0056305696	0.088892332	0.00014280552	-6.450785e-006
22	1.1774822	-0.18249016	0.02372454	0.18976679	0.00046472488	0.00069400984
23	1.1115438	-0.28315997	0.029906901	0.36798561	0.0027773188	-0.0021171563
24	0.28557948	-0.072205778	0.016401659	0.20675173	0.011526445	0.017028373
25	0.99696879	-0.0003312172	-0.0008457964	-0.0033487893	0.00015150029	5.2925357e-005
26	1.0084409	0.0035676906	0.00032229492	0.008034962	9.18465e-005	-8.4552714e-005
27	1.0860951	-0.052308296	0.0018212167	0.030868904	-0.00015357987	5.1935865e-005
28	1.2282587	-0.17615088	0.0042295438	0.079822753	0.0005026444	0.0001386521
29	1.3839322	-0.29535431	0.017618029	0.19148301	-0.0019479756	-0.0010367021
30	0.86038708	0.27916046	0.022611162	0.4883865	0.012702732	0.012717972
31	1.0032801	0.010181479	0.0023909749	0.0046762389	0.00015702505	1.6384731e-005
32	1.0339033	-0.0097924667	0.0037531312	-0.0023987592	8.7322195e-006	-0.00018151275
33	1.1193317	-0.071567669	-0.00058733492	-0.011285874	-8.754451e-005	0.00042917216
34	1.2901322	-0.16819075	-0.012146009	-0.0089859251	0.0008240687	-0.0002353138
35	1.5031839	-0.15872213	0.0036994687	0.036159823	-0.0028212365	0.0042716456
36	1.5739232	0.48347533	0.026613701	0.71520648	0.017565284	0.011368015
37	0.99116868	0.0043296112	0.0034469526	-0.00054125462	-2.8777001e-005	-0.00017097347
38	1.0301912	-0.018485251	-0.00028546573	-0.037141494	1.7879163e-005	-0.00029994622
39	1.1345521	-0.042511041	-0.003599442	-0.061786802	-8.6641041e-005	0.00080652702
40	1.321942	-0.038590805	-0.015952473	-0.097624869	0.0010119853	-0.00023795983
41	1.6470897	0.12352321	0.020036167	-0.046274294	-0.0023479464	0.0082870916
42	2.4485784	0.5389776	0.067979863	0.76957879	0.016840235	0.002320968
43	0.90190056	-0.008504055	-0.0044359694	-0.012926501	-0.00011456915	-0.00019284118
44	1.0017009	0.0034664833	-0.0045478674	-0.048293441	0.00015258967	-0.00010898095
45	1.1085353	0.045029089	-0.0059153595	-0.069080777	0.00029043352	0.00090484689
46	1.3004813	0.16364488	-0.013766678	-0.1028865	0.0010897738	-9.5226723e-005
47	1.7594856	0.39393696	0.036467501	-0.046432817	-0.00081496145	0.0097343718
48	3.1725704	0.42565876	0.094232371	0.51360338	0.0095588273	-0.0070795994
49	0.82836873	-0.013602148	-0.004665801	-0.0037313135	-0.0010042196	-5.9087206e-005
50	0.98278033	0.021583235	-0.0050402508	-0.0022301953	-0.00019807653	0.00028261488
51	1.0852174	0.10192172	-0.0038478011	-0.0019927665	-0.00049172084	0.00074811366
52	1.2830104	0.26803224	-0.0093203055	-0.002887188	-0.00059038954	0.00014371081
53	1.8119526	0.50001216	0.042435921	-0.00069690351	0.00021605066	0.0094539918
54	3.4546892	0.33950426	0.099970174	0.00094391041	-0.00024708807	-0.010243418
55	1.0209099	0.3071421	0.0071486728	0.0044522986	-3.9345262e-005	0.0012914979
56	0.96810568	0.13312378	0.0080581093	0.0027635235	-0.00057441663	0.00035209376
57	0.84328976	0.0752967	0.011182125	0.0024177043	-0.00043485948	0.00076132149
58	0.55152816	0.032725024	0.025355708	0.0037498122	-0.00081844663	0.0011004385
59	0.067270225	-0.21573996	-0.014332171	0.0017091064	-0.0079146638	0.00037259239
60	-0.2402552	-1.3413511	-0.068041148	-0.00040347891	0.0095186653	0.00018815161
61	1.0145735	0.20112157	0.0072895284	0.017827613	0.0001355677	0.00013566457
62	0.99079311	0.099345136	0.0075259496	0.078972109	-6.7255842e-005	-0.00020421397
63	0.91692175	0.032451219	0.014018785	0.12252981	-0.0006294354	-0.00038931261
64	0.69205737	-0.022125645	0.030566013	0.2136739	-0.00055292731	-0.0012215547
65	0.23784634	-0.22299649	-0.0058004886	0.25943844	-0.0082099335	0.00048503633
66	-0.23877819	-1.132816	-0.059555669	-0.12290032	0.0061626677	-0.0097633282
67	0.9973001	0.048481567	-0.0034328984	0.002816736	0.00019803244	0.00020071608
68	1.0221784	0.036938754	0.0016908157	0.078162309	0.00026070148	4.7457475e-005
69	1.0376418	-0.036737856	0.01035325	0.14129794	-0.00051650438	0.00011484132
70	0.97293015	-0.12910834	0.030441019	0.27053975	-0.00037981952	-0.00081737504
71	0.65821786	-0.25802095	0.012109464	0.40175852	-0.0065791015	0.0020745781
72	-0.11057928	-0.62614765	-0.02899585	-0.051871089	-0.0031654057	-0.016824561
73	0.98584757	-0.0063076188	-0.0052088779	-0.0085254971	-0.00019730187	-0.00022772481
74	1.0193589	-0.00026518234	-0.0038491847	0.033914083	3.0269833e-005	-2.8818724e-005
75	1.093026	-0.061366492	0.0056305696	0.088892332	-0.00014280551	6.4507632e-006
76	1.1774822	-0.18249016	0.02372454	0.18976679	-0.00046472492	-0.00069400998
77	1.1115438	-0.28315997	0.029906901	0.36798561	-0.002777319	0.0021171557
78	0.28557948	-0.072205778	0.016401659	0.20675173	-0.011526445	-0.017028375
79	0.99696879	-0.0003312172	-0.0008457964	-0.0033487893	-0.00015150029	-5.292536e-005
80	1.0084409	0.0035676906	0.00032229492	0.008034962	-9.18465e-005	8.4552722e-005
81	1.0860951	-0.052308296	0.0018212167	0.030868904	0.00015357986	-5.1935865e-005
82	1.2282587	-0.17615088	0.0042295438	0.079822753	-0.00050264448	-0.00013865218
83	1.3839322	-0.29535431	0.017618029	0.19148301	0.0019479753	0.0010367018
84	0.86038708	0.27916046	0.022611162	0.4883865	-0.012702734	-0.012717973
85	1.0032801	0.010181479	0.0023909749	0.0046762389	-0.00015702505	-1.6384741e-005
86	1.0339033	-0.0097924667	0.0037531312	-0.0023987592	-8.7322191e-006	0.00018151275
87	1.1193317	-0.071567669	-0.00058733492	-0.011285874	8.7544482e-005	-0.00042917215
88	1.2901322	-0.16819075	-0.012146009	-0.0089859251	-0.00082406884	0.00023531376
89	1.5031839	-0.15872213	0.0036994687	0.036159823	0.0028212359	-0.0042716457
90	1.5739232	0.48347533	0.026613701	0.71520648	-0.017565286	-0.011368016
91	0.99116868	0.0043296112	0.0034469526	-0.00054125462	2.8777017e-005	0.00017097347
92	1.0301912	-0.018485251	-0.00028546573	-0.037141494	-1.7879165e-005	0.00029994625
93	1.1345521	-0.042511041	-0.003599442	-0.061786802	8.6640993e-005	-0.00080652698
94	1.321942	-0.038590805	-0.015952473	-0.097624869	-0.0010119855	0.00023795988
95	1.6470897	0.12352321	0.020036167	-0.046274294	0.0023479457	-0.0082870913
96	2.4485784	0.5389776	0.067979863	0.76957879	-0.016840237	-0.0023209671
97	0.90190056	-0.008504055	-0.0044359694	-0.012926501	0.00011456918	0.00019284122
98	1.0017009	0.0034664833	-0.0045478674	-0.048293441	-0.00015258968	0.00010898101
99	1.1085353	0.045029089	-0.0059153595	-0.069080777	-0.00029043356	-0.0009048468
100	1.3004813	0.16364488	-0.013766678	-0.1028865	-0.0010897739	9.5226908e-005
101	1.7594856	0.39393696	0.036467501	-0.046432817	0.00081496098	-0.0097343711
102	3.1725704	0.42565876	0.094232371	0.51360338	-0.0095588283	0.0070796012
103	0.82836873	-0.013602148	-0.004665801	-0.0037313135	0.0010042196	5.9087314e-005
104	0.98278033	0.021583235	-0.0050402508	-0.0022301953	0.00019807653	-0.00028261481
105	1.0852174	0.10192172	-0.0038478011	-0.0019927665	0.00049172084	-0.00074811355
106	1.2830104	0.26803224	-0.0093203055	-0.002887188	0.00059038954	-0.00014371055
107	1.8119526	0.50001216	0.042435921	-0.00069690351	-0.00021605066	-0.009453991
108	3.4546892	0.33950426	0.099970174	0.00094391041	0.00024708807	0.01024342
end values
result "Stresses" "IGA" 2 Matrix OnNodes
ComponentNames "Sxx" "Syy" "Szz" "Sxy" "Syz" "Sxz" 
ResultRangesTable "My table" 
values
#Node S_xx S_yy S_xz S_xy S_yz S_xz 
1	2.0418227	0.61427246	0.014297135	0.0089041666	7.849887e-005	-0.002582886
2	1.9362154	0.26624304	0.016115923	0.0055268507	0.0011486785	-0.00070417964
3	1.6865865	0.15059126	0.022363975	0.0048352811	0.00086962853	-0.0015226208
4	1.1030683	0.065452173	0.050711827	0.0074995597	0.0016365911	-0.0022009124
5	0.13455089	-0.43146402	-0.028662999	0.0034184469	0.015829578	-0.00074529876
6	-0.48051791	-2.6826931	-0.1360822	-0.00080661156	-0.019037313	-0.00037616984
7	2.0291514	0.40223755	0.014578905	0.035654921	-0.0002712204	-0.00027131969
8	1.9815899	0.19868688	0.01505165	0.15794148	0.00013442618	0.00040841586
9	1.8338475	0.064901459	0.028037037	0.24505579	0.0012587783	0.00077858775
10	1.3841234	-0.044250378	0.061131805	0.42734373	0.0011056581	0.0024430893
11	0.47570747	-0.44598434	-0.011599929	0.51888093	0.016419914	-0.00097047316
12	-0.47755612	-2.2656143	-0.11911009	-0.24579601	-0.012324687	0.019527429
13	1.9946066	0.096962829	-0.006865257	0.0056342299	-0.00039605884	-0.00040143249
14	2.0443608	0.07387622	0.0033816537	0.15632344	-0.0005214268	-9.4908298e-005
15	2.0752845	-0.073475179	0.020706072	0.2825926	0.0010329406	-0.00022969842
16	1.945861	-0.25821626	0.060880527	0.54107353	0.00075966025	0.0016346987
17	1.3164515	-0.51604383	0.024218522	0.80351393	0.013157975	-0.004149618
18	-0.22113939	-1.2522665	-0.05798929	-0.1037309	0.0063324104	0.033649705
19	1.9717019	-0.012618329	-0.010417511	-0.017050293	0.00039459774	0.00045540318
20	2.038724	-0.00053048962	-0.0076980603	0.067828993	-6.0554084e-005	5.7630941e-005
21	2.1860544	-0.12273243	0.011261174	0.17778386	0.00028556458	-1.2895528e-005
22	2.3549604	-0.36497907	0.047447262	0.37952998	0.00092965064	0.0013879498
23	2.2230929	-0.56632261	0.059812301	0.73595946	0.0055544434	-0.0042343773
24	0.57119343	-0.1443849	0.032804281	0.41351561	0.023054702	0.034056721
25	1.9939443	-0.00066373429	-0.0016916173	-0.0066995155	0.00030299987	0.00010582296
26	2.0168895	0.0071352117	0.000644597	0.016070235	0.00018370207	-0.00016912294
27	2.1721953	-0.10461619	0.0036426276	0.061738132	-0.00030718968	0.00010391552
28	2.4565159	-0.35230156	0.0084577774	0.15964528	0.0010054982	0.00027718406
29	2.7678567	-0.5907042	0.035234454	0.38295503	-0.0038955893	-0.0020730047
30	1.7208101	0.55833607	0.045221697	0.97677836	0.025407541	0.025436057
31	2.0065729	0.020363042	0.0047820406	0.0093496945	0.0003140379	3.2757935e-005
32	2.0678163	-0.019584694	0.0075063161	-0.0047976704	1.7461297e-005	-0.00036303159
33	2.2386692	-0.14313563	-0.0011747427	-0.022571359	-0.00017505167	0.00085836725
34	2.580264	-0.33638177	-0.024292968	-0.0179721	0.0016483532	-0.0004707175
35	3.0063565	-0.3174319	0.0073980135	0.072317597	-0.0056412402	0.0085437363
36	3.1478725	0.96695221	0.053228563	1.4304094	0.035132639	0.022735363
37	1.9823535	0.0086593721	0.0068940348	-0.0010849328	-5.7574342e-005	-0.00034193243
38	2.0603939	-0.036970362	-0.00057083589	-0.074283787	3.5759118e-005	-0.0005998752
39	2.2691114	-0.085022675	-0.0071991958	-0.12357398	-0.00017318645	0.0016130211
40	2.643886	-0.07717995	-0.031904959	-0.19524862	0.0020242143	-0.00047587811
41	3.2941729	0.24705526	0.040071437	-0.092537852	-0.0046941245	0.016573927
42	4.8971466	1.0779348	0.13595895	1.5391426	0.033681211	0.0046408744
43	1.8038189	-0.01700799	-0.0088718361	-0.025854958	-0.00022918401	-0.00038566169
44	2.003414	0.0069337098	-0.0090956874	-0.096588244	0.0003051808	-0.00021793885
45	2.2170793	0.090059259	-0.011830897	-0.13816243	0.00058094853	0.0018096066
46	2.6009709	0.32729252	-0.027531681	-0.20577053	0.0021796847	-0.00019031425
47	3.5189802	0.78786657	0.072934579	-0.092851546	-0.0016286901	0.019467495
48	6.3450825	0.85128116	0.1884598	1.0271905	0.01911758	-0.014159344
49	1.6567544	-0.027204269	-0.0093315427	-0.0074627843	-0.0020084598	-0.00011815025
50	1.9655729	0.043167951	-0.010080441	-0.0044604865	-0.00039614663	0.00056525925
51	2.170444	0.20384593	-0.0076956177	-0.0039855996	-0.00098342591	0.0014961187
52	2.5660335	0.53606645	-0.018638418	-0.0057742711	-0.0011806708	0.00028757344
53	3.623923	1.0000058	0.084871159	-0.0013934733	0.00043223968	0.018906264
54	6.9092952	0.67896805	0.19993308	0.001888153	-0.0004943197	-0.020486321
55	2.0418227	0.61427246	0.014297135	0.0089041666	-7.8498584e-005	0.002582886
56	1.9362154	0.26624304	0.016115923	0.0055268507	-0.0011486784	0.00070417964
57	1.6865865	0.15059126	0.022363975	0.0048352811	-0.0008696283	0.0015226208
58	1.1030683	0.065452173	0.050711827	0.0074995597	-0.0016365905	0.0022009124
59	0.13455089	-0.43146402	-0.028662999	0.0034184469	-0.015829577	0.00074529876
60	-0.48051791	-2.6826931	-0.1360822	-0.00080661156	0.019037317	0.00037616984
61	2.0291514	0.40223755	0.014578905	0.035654921	0.00027122054	0.0002713198
62	1.9815899	0.19868688	0.01505165	0.15794148	-0.00013442605	-0.00040841585
63	1.8338475	0.064901459	0.028037037	0.24505579	-0.0012587781	-0.00077858783
64	1.3841234	-0.044250378	0.061131805	0.42734373	-0.0011056578	-0.0024430895
65	0.47570747	-0.44598434	-0.011599929	0.51888093	-0.016419913	0.00097047222
66	-0.47755612	-2.2656143	-0.11911009	-0.24579601	0.012324691	-0.019527431
67	1.9946066	0.096962829	-0.006865257	0.0056342299	0.00039605883	0.00040143257
68	2.0443608	0.07387622	0.0033816537	0.15632344	0.00052142685	9.4908314e-005
69	2.0752845	-0.073475179	0.020706072	0.2825926	-0.0010329405	0.00022969833
70	1.945861	-0.25821626	0.060880527	0.54107353	-0.00075966014	-0.0016346991
71	1.3164515	-0.51604383	0.024218522	0.80351393	-0.013157975	0.0041496166
72	-0.22113939	-1.2522665	-0.05798929	-0.1037309	-0.0063324088	-0.033649708
73	1.9717019	-0.012618329	-0.010417511	-0.017050293	-0.00039459778	-0.00045540316
74	2.038724	-0.00053048962	-0.0076980603	0.067828993	6.0554093e-005	-5.7630919e-005
75	2.1860544	-0.12273243	0.011261174	0.17778386	-0.00028556456	1.2895485e-005
76	2.3549604	-0.36497907	0.047447262	0.37952998	-0.00092965073	-0.0013879501
77	2.2230929	-0.56632261	0.059812301	0.73595946	-0.0055544437	0.0042343762
78	0.57119343	-0.1443849	0.032804281	0.41351561	-0.023054703	-0.034056724
79	1.9939443	-0.00066373429	-0.0016916173	-0.0066995155	-0.00030299987	-0.00010582296
80	2.0168895	0.0071352117	0.000644597	0.016070235	-0.00018370207	0.00016912295
81	2.1721953	-0.10461619	0.0036426276	0.061738132	0.00030718967	-0.00010391552
82	2.4565159	-0.35230156	0.0084577774	0.15964528	-0.0010054984	-0.00027718422
83	2.7678567	-0.5907042	0.035234454	0.38295503	0.0038955887	0.002073004
84	1.7208101	0.55833607	0.045221697	0.97677836	-0.025407544	-0.025436059
85	2.0065729	0.020363042	0.0047820406	0.0093496945	-0.0003140379	-3.2757954e-005
86	2.0678163	-0.019584694	0.0075063161	-0.0047976704	-1.7461296e-005	0.00036303161
87	2.2386692	-0.14313563	-0.0011747427	-0.022571359	0.00017505162	-0.00085836723
88	2.580264	-0.33638177	-0.024292968	-0.0179721	-0.0016483534	0.00047071741
89	3.0063565	-0.3174319	0.0073980135	0.072317597	0.005641239	-0.0085437366
90	3.1478725	0.96695221	0.053228563	1.4304094	-0.035132643	-0.022735363
91	1.9823535	0.0086593721	0.0068940348	-0.0010849328	5.7574376e-005	0.00034193243
92	2.0603939	-0.036970362	-0.00057083589	-0.074283787	-3.5759123e-005	0.00059987525
93	2.2691114	-0.085022675	-0.0071991958	-0.12357398	0.00017318635	-0.001613021
94	2.643886	-0.07717995	-0.031904959	-0.19524862	-0.0020242146	0.00047587821
95	3.2941729	0.24705526	0.040071437	-0.092537852	0.0046941232	-0.016573926
96	4.8971466	1.0779348	0.13595895	1.5391426	-0.033681215	-0.0046408726
97	1.8038189	-0.01700799	-0.0088718361	-0.025854958	0.00022918408	0.00038566179
98	2.003414	0.0069337098	-0.0090956874	-0.096588244	-0.00030518081	0.00021793897
99	2.2170793	0.090059259	-0.011830897	-0.13816243	-0.00058094861	-0.0018096064
100	2.6009709	0.32729252	-0.027531681	-0.20577053	-0.002179685	0.00019031462
101	3.5189802	0.78786657	0.072934579	-0.092851546	0.0016286892	-0.019467494
102	6.3450825	0.85128116	0.1884598	1.0271905	-0.019117582	0.014159348
103	1.6567544	-0.027204269	-0.0093315427	-0.0074627843	0.0020084598	0.00011815047
104	1.9655729	0.043167951	-0.010080441	-0.0044604865	0.00039614663	-0.0005652591
105	2.170444	0.20384593	-0.0076956177	-0.0039855996	0.00098342591	-0.0014961185
106	2.5660335	0.53606645	-0.018638418	-0.0057742711	0.0011806708	-0.00028757292
107	3.623923	1.0000058	0.084871159	-0.0013934733	-0.00043223968	-0.018906262
108	6.9092952	0.67896805	0.19993308	0.001888153	0.0004943197	0.020486326
end values
result "Stresses" "IGA" 3 Matrix OnNodes
ComponentNames "Sxx" "Syy" "Szz" "Sxy" "Syz" "Sxz" 
ResultRangesTable "My table" 
values
#Node S_xx S_yy S_xz S_xy S_yz S_xz 
1	3.0627385	0.92139108	0.021445385	0.013355604	0.00011746041	-0.0038741642
2	2.9043291	0.39935777	0.02417344	0.0082899818	0.0017227855	-0.0010562576
3	2.5298902	0.22588368	0.033545551	0.0072527305	0.0013043068	-0.0022838981
4	1.6546205	0.098181447	0.076068356	0.011249242	0.0024544325	-0.0033014217
5	0.201842	-0.64717218	-0.042992486	0.0051280214	0.023744741	-0.0011181191
6	-0.72078812	-4.0240262	-0.20412316	-0.0012093979	-0.028555949	-0.00056405468
7	3.0437336	0.60334792	0.021868131	0.053481922	-0.00040695829	-0.00040696554
8	2.9723903	0.29802523	0.022577102	0.23690811	0.00020151082	0.00061260565
9	2.7507773	0.097350719	0.042054758	0.36757793	0.0018880284	0.0011678255
10	2.0761982	-0.066374199	0.091697376	0.6410095	0.0016581919	0.0036646041
11	0.7135834	-0.66896354	-0.017398321	0.77832747	0.02462994	-0.0014563091
12	-0.71633379	-3.3983947	-0.17866327	-0.36868706	-0.018486064	0.029292305
13	2.9919194	0.14544379	-0.010297076	0.0084524818	-0.00059407919	-0.00060214937
14	3.0665473	0.1108124	0.0050725139	0.23448339	-0.00078217603	-0.00014235249
15	3.1129282	-0.11021197	0.031058466	0.42388396	0.0015493084	-0.00034457116
16	2.9187926	-0.38732378	0.091318523	0.81160135	0.001139522	0.0024519717
17	1.9747009	-0.77406864	0.036327173	1.2052662	0.019736621	-0.0062251175
18	-0.33168032	-1.8783566	-0.08698032	-0.15557942	0.0095010116	0.050475435
19	2.957563	-0.01893213	-0.015625899	-0.025574387	0.00059188769	0.0006830351
20	3.0580952	-0.00079592182	-0.011546627	0.10174473	-9.0852763e-005	8.643662e-005
21	3.2790852	-0.18409783	0.016891813	0.26667458	0.00042827719	-1.9334228e-005
22	3.5324344	-0.54746671	0.071168165	0.56928958	0.0013947773	0.00208182
23	3.3346473	-0.84948791	0.0897162	1.1039216	0.0083313737	-0.0063516632
24	0.85684186	-0.21653736	0.049207864	0.62029165	0.034584771	0.051085042
25	2.9909264	-0.00099755117	-0.0025374626	-0.010052179	0.00045449875	0.0001586928
26	3.0253458	0.010702563	0.00096690627	0.02410582	0.00027556672	-0.00025371067
27	3.2583006	-0.15692368	0.0054642325	0.092607683	-0.00046082943	0.00015593895
28	3.6847717	-0.52845202	0.012684701	0.23946757	0.0015085614	0.00041559588
29	4.1517736	-0.88604967	0.052849275	0.57441605	-0.0058428412	-0.0031089077
30	2.5812689	0.83752681	0.067831607	1.4651756	0.038114426	0.038154256
31	3.0098785	0.030544687	0.0071731973	0.014020367	0.00047103855	4.9119613e-005
32	3.1017389	-0.029376682	0.011259555	-0.0071967337	2.6187232e-005	-0.00054455653
33	3.3580124	-0.21470389	-0.0017622234	-0.033856458	-0.00026252148	0.0012875853
34	3.8703954	-0.50457305	-0.036440879	-0.026958523	0.0024728534	-0.00070621107
35	4.5095178	-0.47612933	0.011095634	0.10847332	-0.0084600112	0.012816272
36	4.7218477	1.4504306	0.079844587	2.1456089	0.052702066	0.034102042
37	2.9735546	0.012989283	0.010341247	-0.0016310344	-8.6392023e-005	-0.00051287689
38	3.0906081	-0.055455334	-0.00085611049	-0.11142688	5.3639867e-005	-0.00089978691
39	3.403678	-0.1275349	-0.010799261	-0.18536154	-0.00025963621	0.0024194823
40	3.9658319	-0.11576743	-0.047857459	-0.29287125	0.0030366869	-0.00071375484
41	4.9412496	0.37059614	0.060105809	-0.13879067	-0.0070385346	0.024860505
42	7.3457047	1.6168716	0.20393725	2.3086914	0.050522929	0.0069597194
43	2.7057549	-0.025511806	-0.0133076	-0.038785371	-0.00034384459	-0.00057846154
44	3.0051392	0.010401679	-0.01364346	-0.14488441	0.00045777338	-0.00032687371
45	3.325632	0.13509051	-0.017746611	-0.20724496	0.00087154505	0.002714279
46	3.901469	0.49094291	-0.041295007	-0.30865209	0.0032697328	-0.00028526258
47	5.2784837	1.1817888	0.10940123	-0.13925619	-0.0024411862	0.029199369
48	9.5175362	1.2768672	0.2826823	1.5407612	0.028676259	-0.021239234
49	2.4851571	-0.040806364	-0.013997225	-0.011194412	-0.0030127206	-0.00017718914
50	2.9483776	0.06475415	-0.015120572	-0.0066908737	-0.00059421028	0.0008479331
51	3.2556798	0.30577264	-0.01154345	-0.0059784995	-0.0014751152	0.0022440151
52	3.8490692	0.80410263	-0.027954338	-0.008661249	-0.0017708439	0.00043158788
53	5.4359114	1.499981	0.12730571	-0.0020897093	0.00064856705	0.028356817
54	10.363818	1.0183914	0.29988871	0.0028327278	-0.00074169485	-0.030728709
55	3.0627385	0.92139108	0.021445385	0.013355604	-0.00011745998	0.0038741642
56	2.9043291	0.39935777	0.02417344	0.0082899818	-0.0017227853	0.0010562576
57	2.5298902	0.22588368	0.033545551	0.0072527305	-0.0013043065	0.0022838981
58	1.6546205	0.098181447	0.076068356	0.011249242	-0.0024544317	0.0033014217
59	0.201842	-0.64717218	-0.042992486	0.0051280214	-0.023744739	0.0011181191
60	-0.72078812	-4.0240262	-0.20412316	-0.0012093979	0.028555955	0.00056405468
61	3.0437336	0.60334792	0.021868131	0.053481922	0.00040695849	0.0004069657
62	2.9723903	0.29802523	0.022577102	0.23690811	-0.00020151063	-0.00061260564
63	2.7507773	0.097350719	0.042054758	0.36757793	-0.0018880281	-0.0011678257
64	2.0761982	-0.066374199	0.091697376	0.6410095	-0.0016581914	-0.0036646045
65	0.7135834	-0.66896354	-0.017398321	0.77832747	-0.024629938	0.0014563077
66	-0.71633379	-3.3983947	-0.17866327	-0.36868706	0.018486069	-0.029292308
67	2.9919194	0.14544379	-0.010297076	0.0084524818	0.00059407918	0.00060214948
68	3.0665473	0.1108124	0.0050725139	0.23448339	0.00078217611	0.00014235252
69	3.1129282	-0.11021197	0.031058466	0.42388396	-0.0015493083	0.00034457103
70	2.9187926	-0.38732378	0.091318523	0.81160135	-0.0011395219	-0.0024519722
71	1.9747009	-0.77406864	0.036327173	1.2052662	-0.01973662	0.0062251155
72	-0.33168032	-1.8783566	-0.08698032	-0.15557942	-0.0095010093	-0.05047544
73	2.957563	-0.01893213	-0.015625899	-0.025574387	-0.00059188776	-0.00068303507
74	3.0580952	-0.00079592182	-0.011546627	0.10174473	9.0852775e-005	-8.6436587e-005
75	3.2790852	-0.18409783	0.016891813	0.26667458	-0.00042827716	1.9334163e-005
76	3.5324344	-0.54746671	0.071168165	0.56928958	-0.0013947774	-0.0020818204
77	3.3346473	-0.84948791	0.0897162	1.1039216	-0.0083313741	0.0063516615
78	0.85684186	-0.21653736	0.049207864	0.62029165	-0.034584772	-0.051085048
79	2.9909264	-0.00099755117	-0.0025374626	-0.010052179	-0.00045449875	-0.00015869281
80	3.0253458	0.010702563	0.00096690627	0.02410582	-0.00027556672	0.0002537107
81	3.2583006	-0.15692368	0.0054642325	0.092607683	0.00046082941	-0.00015593895
82	3.6847717	-0.52845202	0.012684701	0.23946757	-0.0015085616	-0.00041559611
83	4.1517736	-0.88604967	0.052849275	0.57441605	0.0058428401	0.0031089067
84	2.5812689	0.83752681	0.067831607	1.4651756	-0.03811443	-0.038154259
85	3.0098785	0.030544687	0.0071731973	0.014020367	-0.00047103855	-4.9119639e-005
86	3.1017389	-0.029376682	0.011259555	-0.0071967337	-2.618723e-005	0.00054455656
87	3.3580124	-0.21470389	-0.0017622234	-0.033856458	0.0002625214	-0.0012875852
88	3.8703954	-0.50457305	-0.036440879	-0.026958523	-0.0024728538	0.00070621094
89	4.5095178	-0.47612933	0.011095634	0.10847332	0.0084600095	-0.012816273
90	4.7218477	1.4504306	0.079844587	2.1456089	-0.052702071	-0.034102043
91	2.9735546	0.012989283	0.010341247	-0.0016310344	8.6392074e-005	0.00051287688
92	3.0906081	-0.055455334	-0.00085611049	-0.11142688	-5.3639875e-005	0.00089978699
93	3.403678	-0.1275349	-0.010799261	-0.18536154	0.00025963607	-0.0024194822
94	3.9658319	-0.11576743	-0.047857459	-0.29287125	-0.0030366875	0.00071375499
95	4.9412496	0.37059614	0.060105809	-0.13879067	0.0070385326	-0.024860504
96	7.3457047	1.6168716	0.20393725	2.3086914	-0.050522934	-0.0069597167
97	2.7057549	-0.025511806	-0.0133076	-0.038785371	0.00034384469	0.00057846169
98	3.0051392	0.010401679	-0.01364346	-0.14488441	-0.00045777339	0.00032687387
99	3.325632	0.13509051	-0.017746611	-0.20724496	-0.00087154517	-0.0027142788
100	3.901469	0.49094291	-0.041295007	-0.30865209	-0.0032697332	0.00028526313
101	5.2784837	1.1817888	0.10940123	-0.13925619	0.0024411847	-0.029199367
102	9.5175362	1.2768672	0.2826823	1.5407612	-0.028676262	0.021239239
103	2.4851571	-0.040806364	-0.013997225	-0.011194412	0.0030127206	0.00017718946
104	2.9483776	0.06475415	-0.015120572	-0.0066908737	0.00059421028	-0.00084793288
105	3.2556798	0.30577264	-0.01154345	-0.0059784995	0.0014751152	-0.0022440148
106	3.8490692	0.80410263	-0.027954338	-0.008661249	0.0017708439	-0.0004315871
107	5.4359114	1.499981	0.12730571	-0.0020897093	-0.00064856705	-0.028356814
108	10.363818	1.0183914	0.29988871	0.0028327278	0.00074169485	0.030728716
end values
result "Stresses" "IGA" 4 Matrix OnNodes
ComponentNames "Sxx" "Syy" "Szz" "Sxy" "Syz" "Sxz" 
ResultRangesTable "My table" 
values
#Node S_xx S_yy S_xz S_xy S_yz S_xz 
1	4.0836573	1.228498	0.028593425	0.017806611	0.00015623004	-0.0051653325
2	3.8724469	0.53246797	0.032230662	0.011052917	0.0022967376	-0.0014083278
3	3.3732009	0.30117395	0.044726852	0.0096700525	0.0017388944	-0.0030451531
4	2.2061846	0.13091285	0.10142529	0.01499886	0.0032719713	-0.0044019664
5	0.26914355	-0.86286443	-0.05732063	0.0068378298	0.031660154	-0.0014910534
6	-0.96106583	-5.3653503	-0.27216401	-0.001611838	-0.038074571	-0.00075180611
7	4.0583202	0.80445269	0.029157205	0.071308618	-0.00054278131	-0.00054260204
8	3.9631943	0.39736018	0.030102305	0.315872	0.00026850983	0.00081678335
9	3.6677112	0.129799	0.056071946	0.49009623	0.0025171857	0.0015570259
10	2.7682817	-0.08849711	0.12226273	0.85467119	0.0022105289	0.0048860991
11	0.95147413	-0.8919341	-0.023195664	1.037778	0.032840011	-0.0019425446
12	-0.95511121	-4.5311573	-0.23821521	-0.49157348	-0.024646796	0.039057955
13	3.9892386	0.19392444	-0.013728355	0.011271491	-0.00079209349	-0.00080286666
14	4.0887379	0.14774729	0.0067633962	0.31264216	-0.0010429492	-0.00018979005
15	4.1505728	-0.14694823	0.041410433	0.56517204	0.0020656079	-0.00045945958
16	3.8917248	-0.51643088	0.12175501	1.0821232	0.0015194049	0.0032691936
17	2.6329662	-1.0320954	0.048435419	1.6070155	0.026315039	-0.0083010773
18	-0.44220208	-2.5044179	-0.11596894	-0.20741667	0.01267121	0.06730175
19	3.9434308	-0.025249022	-0.020834042	-0.034097779	0.00078917171	0.00091062057
20	4.0774725	-0.0010614789	-0.015394884	0.13566129	-0.00012116586	0.00011523577
21	4.3721183	-0.24546267	0.022522487	0.35556449	0.00057094334	-2.5766884e-005
22	4.7099043	-0.7299531	0.09488725	0.75904559	0.0018601048	0.0027756203
23	4.446207	-1.1326559	0.1196186	1.4718719	0.01110811	-0.0084690137
24	1.1425248	-0.28866317	0.065612409	0.82707985	0.046116653	0.068113338
25	3.9879152	-0.0013326677	-0.0033833323	-0.013406779	0.00060599694	0.00021153489
26	4.0338098	0.014269746	0.0012892227	0.032141716	0.00036744045	-0.00033831591
27	4.3444111	-0.20923077	0.0072860315	0.12347756	-0.00061449911	0.00020800617
28	4.9130259	-0.70460226	0.016910314	0.31928964	0.002011834	0.00055388756
29	5.5356829	-1.1813907	0.070462492	0.76586608	-0.0077897311	-0.0041444112
30	3.4417637	1.1167327	0.090440891	1.9535782	0.050823388	0.050872568
31	4.0131967	0.040726415	0.0095644448	0.018688256	0.000628027	6.5469769e-005
32	4.1356711	-0.039168431	0.015012847	-0.009595949	3.4910029e-005	-0.00072608756
33	4.4773614	-0.28627244	-0.0023497769	-0.045141168	-0.00034995395	0.0017168262
34	5.1605264	-0.67276461	-0.048589741	-0.035945197	0.0032975694	-0.00094179452
35	6.0126678	-0.63481442	0.014792332	0.144627	-0.01127755	0.017089253
36	6.295849	1.9339106	0.10646177	2.8608048	0.070273564	0.045468053
37	3.9647718	0.017319343	0.013788588	-0.0021795596	-0.00011523004	-0.00068380683
38	4.1208338	-0.073940165	-0.0011412895	-0.14857078	7.1521411e-005	-0.0011996814
39	4.5382519	-0.17004772	-0.014399639	-0.24714949	-0.00034599035	0.0032259106
40	5.2877798	-0.15435326	-0.063809972	-0.39049276	0.0040494032	-0.00095159001
41	6.5883199	0.49414585	0.080139285	-0.18503276	-0.0093811768	0.033146827
42	9.7942526	2.155788	0.27191478	3.0782253	0.067365387	0.0092775032
43	3.6077088	-0.034015501	-0.017743261	-0.051717741	-0.00045855089	-0.00077124074
44	4.0068766	0.013870392	-0.018191185	-0.19318193	0.00061036742	-0.00043578551
45	4.4341933	0.18012285	-0.023662504	-0.27632837	0.0011622231	0.0036188643
46	5.2019753	0.65459605	-0.055056658	-0.41153117	0.004359918	-0.00038007173
47	7.0379961	1.5757037	0.14586746	-0.18564674	-0.0032524497	0.038929995
48	12.689931	1.7024169	0.37689986	2.0543157	0.038234863	-0.028319268
49	3.3135767	-0.054408432	-0.018662848	-0.014926197	-0.004017002	-0.00023620386
50	3.9311946	0.08634183	-0.020160641	-0.008921357	-0.0007922675	0.0011306364
51	4.3409249	0.40770183	-0.015391297	-0.007971466	-0.0019667887	0.0029918029
52	5.1321175	1.0721408	-0.037268065	-0.011548122	-0.0023609087	0.0005757541
53	7.2479177	1.9999377	0.16973959	-0.0027856115	0.00086503275	0.03780565
54	13.818257	1.3577742	0.39983707	0.0037776345	-0.00098921348	-0.040970582
55	4.0836573	1.228498	0.028593425	0.017806611	-0.00015622947	0.0051653325
56	3.8724469	0.53246797	0.032230662	0.011052917	-0.0022967373	0.0014083278
57	3.3732009	0.30117395	0.044726852	0.0096700525	-0.001738894	0.0030451531
58	2.2061846	0.13091285	0.10142529	0.01499886	-0.0032719702	0.0044019664
59	0.26914355	-0.86286443	-0.05732063	0.0068378298	-0.03166015	0.0014910534
60	-0.96106583	-5.3653503	-0.27216401	-0.001611838	0.038074579	0.00075180611
61	4.0583202	0.80445269	0.029157205	0.071308618	0.00054278157	0.00054260226
62	3.9631943	0.39736018	0.030102305	0.315872	-0.00026850958	-0.00081678333
63	3.6677112	0.129799	0.056071946	0.49009623	-0.0025171854	-0.0015570261
64	2.7682817	-0.08849711	0.12226273	0.85467119	-0.0022105282	-0.0048860997
65	0.95147413	-0.8919341	-0.023195664	1.037778	-0.032840009	0.0019425427
66	-0.95511121	-4.5311573	-0.23821521	-0.49157348	0.024646803	-0.039057959
67	3.9892386	0.19392444	-0.013728355	0.011271491	0.00079209347	0.00080286681
68	4.0887379	0.14774729	0.0067633962	0.31264216	0.0010429493	0.00018979008
69	4.1505728	-0.14694823	0.041410433	0.56517204	-0.0020656078	0.00045945941
70	3.8917248	-0.51643088	0.12175501	1.0821232	-0.0015194047	-0.0032691943
71	2.6329662	-1.0320954	0.048435419	1.6070155	-0.026315038	0.0083010746
72	-0.44220208	-2.5044179	-0.11596894	-0.20741667	-0.012671207	-0.067301757
73	3.9434308	-0.025249022	-0.020834042	-0.034097779	-0.00078917179	-0.00091062054
74	4.0774725	-0.0010614789	-0.015394884	0.13566129	0.00012116588	-0.00011523573
75	4.3721183	-0.24546267	0.022522487	0.35556449	-0.00057094331	2.5766798e-005
76	4.7099043	-0.7299531	0.09488725	0.75904559	-0.0018601049	-0.0027756208
77	4.446207	-1.1326559	0.1196186	1.4718719	-0.01110811	0.0084690115
78	1.1425248	-0.28866317	0.065612409	0.82707985	-0.046116654	-0.068113345
79	3.9879152	-0.0013326677	-0.0033833323	-0.013406779	-0.00060599694	-0.0002115349
80	4.0338098	0.014269746	0.0012892227	0.032141716	-0.00036744045	0.00033831594
81	4.3444111	-0.20923077	0.0072860315	0.12347756	0.00061449909	-0.00020800616
82	4.9130259	-0.70460226	0.016910314	0.31928964	-0.0020118343	-0.00055388787
83	5.5356829	-1.1813907	0.070462492	0.76586608	0.0077897297	0.0041444099
84	3.4417637	1.1167327	0.090440891	1.9535782	-0.050823394	-0.050872573
85	4.0131967	0.040726415	0.0095644448	0.018688256	-0.000628027	-6.5469803e-005
86	4.1356711	-0.039168431	0.015012847	-0.009595949	-3.4910023e-005	0.0007260876
87	4.4773614	-0.28627244	-0.0023497769	-0.045141168	0.00034995384	-0.0017168261
88	5.1605264	-0.67276461	-0.048589741	-0.035945197	-0.0032975699	0.00094179434
89	6.0126678	-0.63481442	0.014792332	0.144627	0.011277547	-0.017089254
90	6.295849	1.9339106	0.10646177	2.8608048	-0.070273571	-0.045468054
91	3.9647718	0.017319343	0.013788588	-0.0021795596	0.00011523011	0.00068380683
92	4.1208338	-0.073940165	-0.0011412895	-0.14857078	-7.1521422e-005	0.0011996815
93	4.5382519	-0.17004772	-0.014399639	-0.24714949	0.00034599015	-0.0032259104
94	5.2877798	-0.15435326	-0.063809972	-0.39049276	-0.004049404	0.00095159021
95	6.5883199	0.49414585	0.080139285	-0.18503276	0.0093811741	-0.033146826
96	9.7942526	2.155788	0.27191478	3.0782253	-0.067365394	-0.0092774995
97	3.6077088	-0.034015501	-0.017743261	-0.051717741	0.00045855102	0.00077124093
98	4.0068766	0.013870392	-0.018191185	-0.19318193	-0.00061036743	0.00043578573
99	4.4341933	0.18012285	-0.023662504	-0.27632837	-0.0011622232	-0.0036188639
100	5.2019753	0.65459605	-0.055056658	-0.41153117	-0.0043599186	0.00038007246
101	7.0379961	1.5757037	0.14586746	-0.18564674	0.0032524478	-0.038929993
102	12.689931	1.7024169	0.37689986	2.0543157	-0.038234867	0.028319275
103	3.3135767	-0.054408432	-0.018662848	-0.014926197	0.004017002	0.00023620429
104	3.9311946	0.08634183	-0.020160641	-0.008921357	0.0007922675	-0.0011306361
105	4.3409249	0.40770183	-0.015391297	-0.007971466	0.0019667887	-0.0029918024
106	5.1321175	1.0721408	-0.037268065	-0.011548122	0.0023609087	-0.00057575307
107	7.2479177	1.9999377	0.16973959	-0.0027856115	-0.00086503275	-0.037805647
108	13.818257	1.3577742	0.39983707	0.0037776345	0.00098921348	0.040970591
end values
result "Stresses" "IGA" 5 Matrix OnNodes
ComponentNames "Sxx" "Syy" "Szz" "Sxy" "Syz" "Sxz" 
ResultRangesTable "My table" 
values
#Node S_xx S_yy S_xz S_xy S_yz S_xz 
1	5.104579	1.5355931	0.035741253	0.022257188	0.00019480777	-0.006456391
2	4.8405686	0.66557364	0.040287587	0.013815655	0.0028705348	-0.00176039
3	4.2165185	0.37646208	0.055907879	0.012087247	0.0021733914	-0.0038063861
4	2.7577607	0.16364637	0.12678264	0.018748413	0.0040892073	-0.0055025464
5	0.33645555	-1.0785408	-0.071647433	0.0085478723	0.039575815	-0.0018641017
6	-1.201351	-6.7066654	-0.34020478	-0.0020139316	-0.047593179	-0.00093942413
7	5.0729111	1.0055519	0.036446128	0.089135009	-0.00067868944	-0.00067822921
8	4.954002	0.49669174	0.037627259	0.39483316	0.00033542323	0.001020949
9	4.5846491	0.1622463	0.070088602	0.6126107	0.0031462504	0.001946189
10	3.460374	-0.11061911	0.15282785	1.0683288	0.002762669	0.0061075743
11	1.1893797	-1.114896	-0.02899196	1.2972327	0.041050128	-0.0024291796
12	-1.1938884	-5.6639022	-0.29776589	-0.61445526	-0.030806884	0.04882438
13	4.9865642	0.24240479	-0.017159095	0.014091259	-0.00099010174	-0.0010035844
14	5.1109325	0.18468089	0.0084543008	0.39079975	-0.0013037462	-0.00023722098
15	5.1882184	-0.18368395	0.051761973	0.70645682	0.0025818392	-0.00057436369
16	4.8646578	-0.64553757	0.15218998	1.3526391	0.001899309	0.0040863646
17	3.2912472	-1.2901241	0.060543258	2.0087616	0.032893229	-0.010377497
18	-0.55270466	-3.1304504	-0.14495515	-0.25924264	0.015843007	0.08412865
19	4.9293053	-0.031569005	-0.02604194	-0.04262047	0.00098644979	0.0011381596
20	5.0968559	-0.0013271609	-0.019242832	0.16957868	-0.00015149338	0.0001440284
21	5.4651538	-0.30682697	0.028153195	0.4444536	0.00071356304	-3.2193498e-005
22	5.8873702	-0.91243822	0.11860452	0.94879801	0.0023256331	0.0034693507
23	5.5577719	-1.4158265	0.14951949	1.8398105	0.013884652	-0.010586429
24	1.4282421	-0.36076233	0.082017916	1.0338802	0.057650346	0.085141607
25	4.9849107	-0.0016690839	-0.0042292266	-0.016763315	0.00075749445	0.00026434923
26	5.0422815	0.017836758	0.0016115464	0.040177923	0.00045932325	-0.00042293866
27	5.4305267	-0.26153745	0.0091080246	0.15434776	-0.00076819873	0.00026011716
28	6.1412786	-0.8807523	0.021134618	0.39911148	0.0025153159	0.00069205911
29	6.9195844	-1.4767274	0.088074105	0.95730511	-0.009736259	-0.0051795152
30	4.3022943	1.3959537	0.11304955	2.4419861	0.063534427	0.063590993
31	5.0165277	0.050908226	0.011955783	0.023353362	0.00078500326	8.1808405e-005
32	5.1696129	-0.04895994	0.018766193	-0.011995316	4.3629684e-005	-0.00090762467
33	5.5967162	-0.35784129	-0.0029374034	-0.056425491	-0.00043734906	0.00214609
34	6.450657	-0.84095644	-0.060739553	-0.04493212	0.0041225011	-0.0011774678
35	7.5158065	-0.79348715	0.018488105	0.18077863	-0.014093855	0.021362679
36	7.8698763	2.4173921	0.13308012	3.5759971	0.087847132	0.056833396
37	4.9560052	0.021649553	0.017236059	-0.0027305082	-0.00014408839	-0.00085472227
38	5.1510709	-0.092424856	-0.001426373	-0.18571547	8.9403753e-005	-0.0014995586
39	5.672833	-0.21256113	-0.018000328	-0.30893781	-0.00043224884	0.0040323059
40	6.6097297	-0.19293742	-0.079762498	-0.48811315	0.0050623632	-0.0011893836
41	8.2353836	0.6177044	0.10017186	-0.23126411	-0.011722051	0.041432892
42	12.24279	2.694684	0.33989154	3.8477441	0.084208585	0.011594226
43	4.5096803	-0.042519077	-0.022178819	-0.064652068	-0.0005733029	-0.00096399928
44	5.0086262	0.017339848	-0.022738863	-0.24148082	0.00076296291	-0.00054467427
45	5.5427633	0.22515627	-0.029578574	-0.34541266	0.0014529826	0.0045233624
46	6.5024901	0.81825195	-0.068816632	-0.51440778	0.0054502405	-0.0004747417
47	8.7975174	1.9696113	0.18233327	-0.23202321	-0.0040624807	0.048659373
48	15.862268	2.1279303	0.47111247	2.5678538	0.047793392	-0.035399447
49	4.1420133	-0.068010474	-0.023328412	-0.01865814	-0.0050213039	-0.00029519444
50	4.9140239	0.10793099	-0.025200651	-0.011151936	-0.00099031827	0.0014133692
51	5.4261792	0.50963352	-0.01923916	-0.0099644992	-0.0024584465	0.0037394821
52	6.4151785	1.3401809	-0.046579599	-0.01443489	-0.0029508653	0.00072007209
53	9.0599419	2.4998759	0.21217278	-0.0034811801	0.0010816368	0.047252764
54	17.272613	1.6971166	0.49977817	0.0047228732	-0.0012368755	-0.05121194
55	5.104579	1.5355931	0.035741253	0.022257188	-0.00019480706	0.006456391
56	4.8405686	0.66557364	0.040287587	0.013815655	-0.0028705344	0.00176039
57	4.2165185	0.37646208	0.055907879	0.012087247	-0.0021733908	0.0038063861
58	2.7577607	0.16364637	0.12678264	0.018748413	-0.004089206	0.0055025464
59	0.33645555	-1.0785408	-0.071647433	0.0085478723	-0.039575811	0.0018641017
60	-1.201351	-6.7066654	-0.34020478	-0.0020139316	0.047593189	0.00093942413
61	5.0729111	1.0055519	0.036446128	0.089135009	0.00067868977	0.00067822949
62	4.954002	0.49669174	0.037627259	0.39483316	-0.00033542292	-0.0010209489
63	4.5846491	0.1622463	0.070088602	0.6126107	-0.0031462499	-0.0019461891
64	3.460374	-0.11061911	0.15282785	1.0683288	-0.0027626681	-0.006107575
65	1.1893797	-1.114896	-0.02899196	1.2972327	-0.041050125	0.0024291773
66	-1.1938884	-5.6639022	-0.29776589	-0.61445526	0.030806892	-0.048824385
67	4.9865642	0.24240479	-0.017159095	0.014091259	0.00099010172	0.0010035846
68	5.1109325	0.18468089	0.0084543008	0.39079975	0.0013037463	0.00023722102
69	5.1882184	-0.18368395	0.051761973	0.70645682	-0.002581839	0.00057436348
70	4.8646578	-0.64553757	0.15218998	1.3526391	-0.0018993087	-0.0040863655
71	3.2912472	-1.2901241	0.060543258	2.0087616	-0.032893227	0.010377494
72	-0.55270466	-3.1304504	-0.14495515	-0.25924264	-0.015843003	-0.084128659
73	4.9293053	-0.031569005	-0.02604194	-0.04262047	-0.00098644989	-0.0011381596
74	5.0968559	-0.0013271609	-0.019242832	0.16957868	0.0001514934	-0.00014402834
75	5.4651538	-0.30682697	0.028153195	0.4444536	-0.000713563	3.219339e-005
76	5.8873702	-0.91243822	0.11860452	0.94879801	-0.0023256333	-0.0034693514
77	5.5577719	-1.4158265	0.14951949	1.8398105	-0.013884652	0.010586426
78	1.4282421	-0.36076233	0.082017916	1.0338802	-0.057650348	-0.085141616
79	4.9849107	-0.0016690839	-0.0042292266	-0.016763315	-0.00075749445	-0.00026434925
80	5.0422815	0.017836758	0.0016115464	0.040177923	-0.00045932326	0.0004229387
81	5.4305267	-0.26153745	0.0091080246	0.15434776	0.0007681987	-0.00026011716
82	6.1412786	-0.8807523	0.021134618	0.39911148	-0.0025153163	-0.00069205949
83	6.9195844	-1.4767274	0.088074105	0.95730511	0.0097362573	0.0051795135
84	4.3022943	1.3959537	0.11304955	2.4419861	-0.063534433	-0.063591
85	5.0165277	0.050908226	0.011955783	0.023353362	-0.00078500326	-8.1808449e-005
86	5.1696129	-0.04895994	0.018766193	-0.011995316	-4.3629679e-005	0.00090762472
87	5.5967162	-0.35784129	-0.0029374034	-0.056425491	0.00043734892	-0.00214609
88	6.450657	-0.84095644	-0.060739553	-0.04493212	-0.0041225018	0.0011774676
89	7.5158065	-0.79348715	0.018488105	0.18077863	0.014093852	-0.02136268
90	7.8698763	2.4173921	0.13308012	3.5759971	-0.087847141	-0.056833397
91	4.9560052	0.021649553	0.017236059	-0.0027305082	0.00014408848	0.00085472226
92	5.1510709	-0.092424856	-0.001426373	-0.18571547	-8.9403766e-005	0.0014995587
93	5.672833	-0.21256113	-0.018000328	-0.30893781	0.0004322486	-0.0040323057
94	6.6097297	-0.19293742	-0.079762498	-0.48811315	-0.0050623642	0.0011893839
95	8.2353836	0.6177044	0.10017186	-0.23126411	0.011722048	-0.041432891
96	12.24279	2.694684	0.33989154	3.8477441	-0.084208594	-0.011594221
97	4.5096803	-0.042519077	-0.022178819	-0.064652068	0.00057330306	0.00096399952
98	5.0086262	0.017339848	-0.022738863	-0.24148082	-0.00076296293	0.00054467455
99	5.5427633	0.22515627	-0.029578574	-0.34541266	-0.0014529828	-0.0045233619
100	6.5024901	0.81825195	-0.068816632	-0.51440778	-0.0054502412	0.00047474262
101	8.7975174	1.9696113	0.18233327	-0.23202321	0.0040624784	-0.048659369
102	15.862268	2.1279303	0.47111247	2.5678538	-0.047793397	0.035399456
103	4.1420133	-0.068010474	-0.023328412	-0.01865814	0.0050213039	0.00029519498
104	4.9140239	0.10793099	-0.025200651	-0.011151936	0.00099031827	-0.0014133689
105	5.4261792	0.50963352	-0.01923916	-0.0099644992	0.0024584465	-0.0037394815
106	6.4151785	1.3401809	-0.046579599	-0.01443489	0.0029508653	-0.0007200708
107	9.0599419	2.4998759	0.21217278	-0.0034811801	-0.0010816368	-0.04725276
108	17.272613	1.6971166	0.49977817	0.0047228732	0.0012368755	0.05121195
end values
result "Stresses" "IGA" 6 Matrix OnNodes
ComponentNames "Sxx" "Syy" "Szz" "Sxy" "Syz" "Sxz" 
ResultRangesTable "My table" 
values
#Node S_xx S_yy S_xz S_xy S_yz S_xz 
1	6.1255037	1.8426765	0.04288887	0.026707334	0.00023319363	-0.0077473397
2	5.8086944	0.79867478	0.048344217	0.016578198	0.0034441772	-0.0021124444
3	5.0598432	0.45174808	0.067088631	0.014504314	0.0026077978	-0.0045675969
4	3.3093489	0.19638201	0.1521404	0.022497901	0.0049061406	-0.0066031619
5	0.40377799	-1.2942012	-0.085972893	0.010258149	0.047491725	-0.002237264
6	-1.4416438	-8.0479715	-0.40824544	-0.0024156789	-0.057111773	-0.0011269087
7	6.0875064	1.2066454	0.043734899	0.10696109	-0.00081468269	-0.00081384705
8	5.9448133	0.59601991	0.045151963	0.47379157	0.000402251	0.0012251025
9	5.501591	0.19469263	0.084104726	0.73512132	0.0037752223	0.0023353146
10	4.1524749	-0.1327402	0.18339276	1.2819824	0.0033146123	0.0073290296
11	1.4273	-1.3378493	-0.034787207	1.5566913	0.049260291	-0.0029162142
12	-1.4326653	-6.7966292	-0.35731534	-0.73733241	-0.036966326	0.058591579
13	5.9838962	0.29088483	-0.020589295	0.016911784	-0.0011881039	-0.0012043025
14	6.1331312	0.2216132	0.010145228	0.46895616	-0.0015645671	-0.00028464527
15	6.225865	-0.22041915	0.062113086	0.84773832	0.0030980022	-0.00068928348
16	5.8375915	-0.77464385	0.18262344	1.623149	0.0022792341	0.0049034846
17	3.949544	-1.5481547	0.072650691	2.4105046	0.03947119	-0.012454378
18	-0.66318806	-3.7564541	-0.17393895	-0.31105732	0.0190164	0.10095614
19	5.9151867	-0.037892079	-0.031249594	-0.05114246	0.0011837219	0.0013656522
20	6.1162454	-0.0015929678	-0.023090471	0.2034969	-0.00018183531	0.00017281449
21	6.5581917	-0.36819071	0.033783938	0.5333419	0.00085613629	-3.8614067e-005
22	7.0648319	-1.0949221	0.14231997	1.1385468	0.0027913623	0.0041630113
23	6.6693421	-1.6989998	0.17941889	2.2077373	0.016660999	-0.012703909
24	1.713994	-0.43283482	0.098424384	1.2406927	0.069185852	0.10216985
25	5.9819128	-0.0020067995	-0.0050751452	-0.020121788	0.00090899129	0.00031713582
26	6.050761	0.021403602	0.0019338773	0.048214441	0.00055121514	-0.00050757891
27	6.5166474	-0.31384373	0.010930212	0.18521828	-0.00092192827	0.00031227194
28	7.3695299	-1.0569021	0.025357611	0.47893309	0.0030190072	0.00083011052
29	8.3034784	-1.7720596	0.10568411	1.1487332	-0.011682425	-0.0062142196
30	5.1628609	1.6751899	0.13565758	2.9303995	0.076247541	0.076309532
31	6.0198713	0.06109012	0.014347212	0.028015686	0.00094196734	9.8135526e-005
32	6.2035644	-0.058751211	0.022519593	-0.014394835	5.2346202e-005	-0.0010891679
33	6.7160767	-0.42941043	-0.0035251029	-0.067709426	-0.00052470682	0.0025753767
34	7.7407871	-1.0091485	-0.072890316	-0.053919292	0.0049476485	-0.001413231
35	9.0189339	-0.95214754	0.022182955	0.21692821	-0.016908928	0.02563655
36	9.4439296	2.9008751	0.15969963	4.291186	0.10542277	0.068198071
37	5.9472549	0.025979912	0.020683659	-0.0032838802	-0.00017296707	-0.0010256232
38	6.1813196	-0.11090941	-0.001711361	-0.22286096	0.00010728689	-0.0017994185
39	6.8074213	-0.25507513	-0.02160133	-0.37072651	-0.0005184117	0.0048386683
40	7.9316815	-0.23151992	-0.095715037	-0.58573242	0.0060755669	-0.0014271356
41	9.8824409	0.74127178	0.12020355	-0.27748473	-0.014061158	0.049718701
42	14.691318	3.2335596	0.40786751	4.617248	0.10105252	0.013909888
43	5.4116697	-0.051022534	-0.026614275	-0.077588351	-0.00068810063	-0.0011567372
44	6.010388	0.020810047	-0.027286493	-0.28978107	0.00091555987	-0.00065353998
45	6.6513419	0.27019076	-0.035494822	-0.41449783	0.0017438236	0.0054277732
46	7.8030132	0.9819106	-0.082574931	-0.61728191	0.0065407	-0.0005692725
47	10.557048	2.3635114	0.21879865	-0.27838559	-0.0048712795	0.058387501
48	19.034547	2.5534073	0.56532015	3.0813756	0.057351847	-0.042479771
49	4.9704668	-0.08161249	-0.027993917	-0.02239024	-0.0060256263	-0.00035416086
50	5.8968653	0.12952163	-0.0302406	-0.013382611	-0.0011883626	0.0016961315
51	6.5114427	0.6115677	-0.023087039	-0.011957599	-0.0029500884	0.0044870527
52	7.698252	1.608223	-0.05588894	-0.017321553	-0.0035407136	0.00086454182
53	10.871984	2.9997956	0.25460529	-0.004176415	0.0012983791	0.056698159
54	20.726885	2.0364185	0.59971199	0.0056684437	-0.001484681	-0.061452782
55	6.1255037	1.8426765	0.04288887	0.026707334	-0.00023319278	0.0077473397
56	5.8086944	0.79867478	0.048344217	0.016578198	-0.0034441767	0.0021124444
57	5.0598432	0.45174808	0.067088631	0.014504314	-0.0026077971	0.0045675969
58	3.3093489	0.19638201	0.1521404	0.022497901	-0.0049061391	0.0066031619
59	0.40377799	-1.2942012	-0.085972893	0.010258149	-0.04749172	0.002237264
60	-1.4416438	-8.0479715	-0.40824544	-0.0024156789	0.057111786	0.0011269087
61	6.0875064	1.2066454	0.043734899	0.10696109	0.00081468309	0.00081384738
62	5.9448133	0.59601991	0.045151963	0.47379157	-0.00040225063	-0.0012251024
63	5.501591	0.19469263	0.084104726	0.73512132	-0.0037752218	-0.0023353148
64	4.1524749	-0.1327402	0.18339276	1.2819824	-0.0033146112	-0.0073290305
65	1.4273	-1.3378493	-0.034787207	1.5566913	-0.049260287	0.0029162114
66	-1.4326653	-6.7966292	-0.35731534	-0.73733241	0.036966336	-0.058591585
67	5.9838962	0.29088483	-0.020589295	0.016911784	0.0011881039	0.0012043027
68	6.1331312	0.2216132	0.010145228	0.46895616	0.0015645672	0.00028464531
69	6.225865	-0.22041915	0.062113086	0.84773832	-0.0030980019	0.00068928323
70	5.8375915	-0.77464385	0.18262344	1.623149	-0.0022792338	-0.0049034857
71	3.949544	-1.5481547	0.072650691	2.4105046	-0.039471189	0.012454374
72	-0.66318806	-3.7564541	-0.17393895	-0.31105732	-0.019016396	-0.10095615
73	5.9151867	-0.037892079	-0.031249594	-0.05114246	-0.0011837221	-0.0013656521
74	6.1162454	-0.0015929678	-0.023090471	0.2034969	0.00018183533	-0.00017281443
75	6.5581917	-0.36819071	0.033783938	0.5333419	-0.00085613624	3.8613938e-005
76	7.0648319	-1.0949221	0.14231997	1.1385468	-0.0027913626	-0.0041630121
77	6.6693421	-1.6989998	0.17941889	2.2077373	-0.016661	0.012703906
78	1.713994	-0.43283482	0.098424384	1.2406927	-0.069185855	-0.10216986
79	5.9819128	-0.0020067995	-0.0050751452	-0.020121788	-0.00090899128	-0.00031713584
80	6.050761	0.021403602	0.0019338773	0.048214441	-0.00055121514	0.00050757896
81	6.5166474	-0.31384373	0.010930212	0.18521828	0.00092192824	-0.00031227193
82	7.3695299	-1.0569021	0.025357611	0.47893309	-0.0030190077	-0.00083011097
83	8.3034784	-1.7720596	0.10568411	1.1487332	0.011682423	0.0062142176
84	5.1628609	1.6751899	0.13565758	2.9303995	-0.076247549	-0.07630954
85	6.0198713	0.06109012	0.014347212	0.028015686	-0.00094196733	-9.8135577e-005
86	6.2035644	-0.058751211	0.022519593	-0.014394835	-5.2346194e-005	0.0010891679
87	6.7160767	-0.42941043	-0.0035251029	-0.067709426	0.00052470665	-0.0025753767
88	7.7407871	-1.0091485	-0.072890316	-0.053919292	-0.0049476494	0.0014132307
89	9.0189339	-0.95214754	0.022182955	0.21692821	0.016908925	-0.025636551
90	9.4439296	2.9008751	0.15969963	4.291186	-0.10542278	-0.068198073
91	5.9472549	0.025979912	0.020683659	-0.0032838802	0.00017296718	0.0010256232
92	6.1813196	-0.11090941	-0.001711361	-0.22286096	-0.00010728691	0.0017994187
93	6.8074213	-0.25507513	-0.02160133	-0.37072651	0.00051841141	-0.004838668
94	7.9316815	-0.23151992	-0.095715037	-0.58573242	-0.006075568	0.0014271359
95	9.8824409	0.74127178	0.12020355	-0.27748473	0.014061154	-0.049718699
96	14.691318	3.2335596	0.40786751	4.617248	-0.10105253	-0.013909882
97	5.4116697	-0.051022534	-0.026614275	-0.077588351	0.00068810082	0.0011567374
98	6.010388	0.020810047	-0.027286493	-0.28978107	-0.00091555989	0.00065354031
99	6.6513419	0.27019076	-0.035494822	-0.41449783	-0.0017438238	-0.0054277727
100	7.8030132	0.9819106	-0.082574931	-0.61728191	-0.0065407009	0.0005692736
101	10.557048	2.3635114	0.21879865	-0.27838559	0.0048712767	-0.058387498
102	19.034547	2.5534073	0.56532015	3.0813756	-0.057351853	0.042479782
103	4.9704668	-0.08161249	-0.027993917	-0.02239024	0.0060256263	0.0003541615
104	5.8968653	0.12952163	-0.0302406	-0.013382611	0.0011883626	-0.0016961311
105	6.5114427	0.6115677	-0.023087039	-0.011957599	0.0029500884	-0.004487052
106	7.698252	1.608223	-0.05588894	-0.017321553	0.0035407136	-0.00086454027
107	10.871984	2.9997956	0.25460529	-0.004176415	-0.0012983791	-0.056698154
108	20.726885	2.0364185	0.59971199	0.0056684437	0.001484681	0.061452794
end values
result "Stresses" "IGA" 7 Matrix OnNodes
ComponentNames "Sxx" "Syy" "Szz" "Sxy" "Syz" "Sxz" 
ResultRangesTable "My table" 
values
#Node S_xx S_yy S_xz S_xy S_yz S_xz 
1	7.1464314	2.1497482	0.050036277	0.031157049	0.00027138763	-0.0090381785
2	6.7768243	0.9317714	0.056400551	0.019340544	0.0040176648	-0.0024644909
3	5.9031748	0.52703193	0.078269109	0.016921253	0.0030421135	-0.0053287856
4	3.860949	0.22911979	0.17749857	0.026247325	0.0057227713	-0.0077038127
5	0.47111087	-1.5098458	-0.10029701	0.011968659	0.055407884	-0.0026105403
6	-1.681944	-9.3892686	-0.47628601	-0.0028170797	-0.066630354	-0.0013142599
7	7.102106	1.4077334	0.051023519	0.12478687	-0.00095076104	-0.00094945554
8	6.9356283	0.69534469	0.052676419	0.55274725	0.00046899317	0.0014292439
9	6.4185369	0.22713797	0.098120318	0.85762812	0.0044041016	0.0027244028
10	4.8445845	-0.15486037	0.21395745	1.4956319	0.0038663588	0.0085504651
11	1.6652351	-1.5607939	-0.040581406	1.8161541	0.0574705	-0.0034036484
12	-1.6714419	-7.9293384	-0.41686353	-0.86020492	-0.043125124	0.068359553
13	6.9812345	0.33936457	-0.024018955	0.019733067	-0.0013861001	-0.001405021
14	7.155334	0.25854422	0.011836177	0.54711138	-0.0018254119	-0.00033206292
15	7.2635126	-0.25715381	0.072463771	0.98901652	0.0036140968	-0.00080421895
16	6.8105259	-0.90374972	0.21305539	1.893653	0.0026591804	0.0057205537
17	4.6078566	-1.8061872	0.084757717	2.8122445	0.046048924	-0.014531719
18	-0.77365228	-4.382429	-0.20292034	-0.36286073	0.022191392	0.11778421
19	6.9010747	-0.044218242	-0.036457003	-0.059663748	0.0013809882	0.0015930983
20	7.135641	-0.0018588995	-0.026937801	0.23741594	-0.00021219164	0.00020159407
21	7.6512319	-0.42955391	0.039414716	0.6222294	0.00099866308	-4.5028592e-005
22	8.2422895	-1.2774047	0.1660336	1.3282921	0.0032572924	0.004856602
23	7.7809176	-1.9821757	0.20931678	2.5756524	0.019437153	-0.014821454
24	1.9997803	-0.50488067	0.11483181	1.4475174	0.08072317	0.11919807
25	6.9789216	-0.0023458144	-0.0059210883	-0.023482198	0.0010604875	0.00036989467
26	7.0592481	0.024970276	0.0022562154	0.05625127	0.00064311611	-0.00059223666
27	7.6027732	-0.36614961	0.012752593	0.21608913	-0.0010756877	0.00036447048
28	8.5977796	-1.2330517	0.029579294	0.55875447	0.0035229078	0.00096804179
29	9.6873647	-2.0673873	0.12329252	1.3401502	-0.013628229	-0.0072485245
30	6.0234633	1.9544412	0.15826499	3.4188181	0.088962732	0.089028184
31	7.0232277	0.071272097	0.016738733	0.032675226	0.0010989192	0.00011445113
32	7.2375256	-0.068542242	0.026273046	-0.016794507	6.1059581e-005	-0.0012707172
33	7.8354431	-0.50097987	-0.0041128753	-0.078992974	-0.00061202723	0.0030046864
34	9.0309168	-1.1773409	-0.08504203	-0.062906714	0.0057730117	-0.0016490839
35	10.52205	-1.1107956	0.025876882	0.25307575	-0.019722769	0.029910866
36	11.018009	3.3843597	0.1863203	5.0063713	0.12300048	0.079562078
37	6.9385206	0.030310421	0.024131389	-0.0038396755	-0.00020186609	-0.0011965096
38	7.2115797	-0.12939382	-0.0019962535	-0.26000726	0.00012517083	-0.0020992612
39	7.9420169	-0.29758973	-0.025202643	-0.43251559	-0.00060447892	0.0056449977
40	9.2536354	-0.27010076	-0.11166759	-0.68335057	0.0070890143	-0.001664846
41	11.529492	0.86484799	0.14023433	-0.3236946	-0.016398497	0.058004253
42	17.139836	3.7724147	0.4758427	5.3867369	0.1178972	0.016224488
43	6.3136767	-0.05952587	-0.031049627	-0.09052659	-0.00080294406	-0.0013494544
44	7.0121619	0.02428099	-0.031834076	-0.33808268	0.0010681583	-0.00076238265
45	7.7599293	0.31522635	-0.041411247	-0.48358387	0.0020347461	0.0063320969
46	9.1035447	1.145572	-0.096331554	-0.72015357	0.0076312968	-0.00066366413
47	12.316587	2.7574043	0.25526361	-0.32473388	-0.0056788462	0.068114382
48	22.206767	2.978848	0.65952289	3.5948811	0.066910227	-0.04956024
49	5.7989373	-0.095214479	-0.032659362	-0.026122497	-0.0070299694	-0.00041310313
50	6.8797189	0.15111376	-0.035280489	-0.015613383	-0.0013864005	0.0019789233
51	7.5967155	0.71350438	-0.026934932	-0.013950766	-0.0034417146	0.0052345147
52	8.9813382	1.876267	-0.065196089	-0.02020811	-0.0041304537	0.0010091633
53	12.684044	3.4996967	0.29703711	-0.0048713162	0.0015152598	0.066141835
54	24.181075	2.3756799	0.69963853	0.006614346	-0.0017326299	-0.071693108
55	7.1464314	2.1497482	0.050036277	0.031157049	-0.00027138663	0.0090381785
56	6.7768243	0.9317714	0.056400551	0.019340544	-0.0040176642	0.0024644909
57	5.9031748	0.52703193	0.078269109	0.016921253	-0.0030421126	0.0053287856
58	3.860949	0.22911979	0.17749857	0.026247325	-0.0057227694	0.0077038127
59	0.47111087	-1.5098458	-0.10029701	0.011968659	-0.055407879	0.0026105403
60	-1.681944	-9.3892686	-0.47628601	-0.0028170797	0.066630368	0.0013142599
61	7.102106	1.4077334	0.051023519	0.12478687	0.00095076151	0.00094945593
62	6.9356283	0.69534469	0.052676419	0.55274725	-0.00046899274	-0.0014292439
63	6.4185369	0.22713797	0.098120318	0.85762812	-0.004404101	-0.0027244031
64	4.8445845	-0.15486037	0.21395745	1.4956319	-0.0038663575	-0.0085504661
65	1.6652351	-1.5607939	-0.040581406	1.8161541	-0.057470495	0.0034036451
66	-1.6714419	-7.9293384	-0.41686353	-0.86020492	0.043125136	-0.06835956
67	6.9812345	0.33936457	-0.024018955	0.019733067	0.0013861001	0.0014050213
68	7.155334	0.25854422	0.011836177	0.54711138	0.001825412	0.00033206298
69	7.2635126	-0.25715381	0.072463771	0.98901652	-0.0036140966	0.00080421865
70	6.8105259	-0.90374972	0.21305539	1.893653	-0.00265918	-0.005720555
71	4.6078566	-1.8061872	0.084757717	2.8122445	-0.046048922	0.014531714
72	-0.77365228	-4.382429	-0.20292034	-0.36286073	-0.022191386	-0.11778422
73	6.9010747	-0.044218242	-0.036457003	-0.059663748	-0.0013809883	-0.0015930983
74	7.135641	-0.0018588995	-0.026937801	0.23741594	0.00021219167	-0.00020159399
75	7.6512319	-0.42955391	0.039414716	0.6222294	-0.00099866303	4.5028442e-005
76	8.2422895	-1.2774047	0.1660336	1.3282921	-0.0032572927	-0.0048566029
77	7.7809176	-1.9821757	0.20931678	2.5756524	-0.019437154	0.01482145
78	1.9997803	-0.50488067	0.11483181	1.4475174	-0.080723173	-0.11919808
79	6.9789216	-0.0023458144	-0.0059210883	-0.023482198	-0.0010604875	-0.00036989469
80	7.0592481	0.024970276	0.0022562154	0.05625127	-0.00064311612	0.00059223672
81	7.6027732	-0.36614961	0.012752593	0.21608913	0.0010756877	-0.00036447047
82	8.5977796	-1.2330517	0.029579294	0.55875447	-0.0035229084	-0.00096804233
83	9.6873647	-2.0673873	0.12329252	1.3401502	0.013628227	0.0072485221
84	6.0234633	1.9544412	0.15826499	3.4188181	-0.088962741	-0.089028193
85	7.0232277	0.071272097	0.016738733	0.032675226	-0.0010989192	-0.0001144512
86	7.2375256	-0.068542242	0.026273046	-0.016794507	-6.1059575e-005	0.0012707172
87	7.8354431	-0.50097987	-0.0041128753	-0.078992974	0.00061202703	-0.0030046863
88	9.0309168	-1.1773409	-0.08504203	-0.062906714	-0.0057730127	0.0016490836
89	10.52205	-1.1107956	0.025876882	0.25307575	0.019722765	-0.029910867
90	11.018009	3.3843597	0.1863203	5.0063713	-0.12300049	-0.07956208
91	6.9385206	0.030310421	0.024131389	-0.0038396755	0.00020186621	0.0011965096
92	7.2115797	-0.12939382	-0.0019962535	-0.26000726	-0.00012517085	0.0020992614
93	7.9420169	-0.29758973	-0.025202643	-0.43251559	0.00060447859	-0.0056449974
94	9.2536354	-0.27010076	-0.11166759	-0.68335057	-0.0070890156	0.0016648464
95	11.529492	0.86484799	0.14023433	-0.3236946	0.016398492	-0.058004251
96	17.139836	3.7724147	0.4758427	5.3867369	-0.11789721	-0.016224482
97	6.3136767	-0.05952587	-0.031049627	-0.09052659	0.0008029443	0.0013494547
98	7.0121619	0.02428099	-0.031834076	-0.33808268	-0.0010681583	0.00076238304
99	7.7599293	0.31522635	-0.041411247	-0.48358387	-0.0020347464	-0.0063320963
100	9.1035447	1.145572	-0.096331554	-0.72015357	-0.0076312978	0.00066366542
101	12.316587	2.7574043	0.25526361	-0.32473388	0.0056788428	-0.068114377
102	22.206767	2.978848	0.65952289	3.5948811	-0.066910234	0.049560252
103	5.7989373	-0.095214479	-0.032659362	-0.026122497	0.0070299694	0.00041310388
104	6.8797189	0.15111376	-0.035280489	-0.015613383	0.0013864005	-0.0019789228
105	7.5967155	0.71350438	-0.026934932	-0.013950766	0.0034417146	-0.0052345139
106	8.9813382	1.876267	-0.065196089	-0.02020811	0.0041304537	-0.0010091615
107	12.684044	3.4996967	0.29703711	-0.0048713162	-0.0015152598	-0.066141829
108	24.181075	2.3756799	0.69963853	0.006614346	0.0017326299	0.071693123
end values
result "Stresses" "IGA" 8 Matrix OnNodes
ComponentNames "Sxx" "Syy" "Szz" "Sxy" "Syz" "Sxz" 
ResultRangesTable "My table" 
values
#Node S_xx S_yy S_xz S_xy S_yz S_xz 
1	8.167362	2.4568082	0.057183472	0.035606334	0.00030938978	-0.010328907
2	7.7449581	1.0648635	0.06445659	0.022102695	0.0045909975	-0.0028165295
3	6.7465133	0.60231364	0.089449312	0.019338066	0.0034763385	-0.0060899521
4	4.4125611	0.26185968	0.20285715	0.029996683	0.0065390992	-0.0088044988
5	0.5384542	-1.7254744	-0.11461979	0.013679404	0.063324293	-0.0029839305
6	-1.9222517	-10.730557	-0.54432648	-0.003218134	-0.076148921	-0.0015014776
7	8.11671	1.6088158	0.058311987	0.14261234	-0.0010869245	-0.0010850547
8	7.9264469	0.79466607	0.060200627	0.63170019	0.00053564973	0.0016333732
9	7.3354869	0.25958234	0.11213538	0.98013107	0.0050328881	0.0031134537
10	5.5367029	-0.17697964	0.24452191	1.7092773	0.0044179085	0.0097718808
11	1.903185	-1.7837299	-0.046374557	2.0756208	0.065680754	-0.0038914821
12	-1.9102183	-9.0620298	-0.47641049	-0.9830728	-0.049283277	0.078128301
13	7.9785792	0.387844	-0.027448076	0.022555107	-0.0015840902	-0.00160574
14	8.1775408	0.29547396	0.013527148	0.62526543	-0.0020862805	-0.00037947394
15	8.3011611	-0.29388793	0.082814029	1.1302914	0.0041301232	-0.0009191701
16	7.783461	-1.0328552	0.24348583	2.164151	0.0030391478	0.0065375718
17	5.266185	-2.0642217	0.096864337	3.2139813	0.05262643	-0.01660952
18	-0.88409732	-5.0083752	-0.23189932	-0.41465285	0.025367981	0.13461286
19	7.8869696	-0.050547495	-0.041664167	-0.068184335	0.0015782485	0.0018204981
20	8.1550428	-0.0021249561	-0.030784821	0.27133581	-0.00024256239	0.00023036711
21	8.7442745	-0.49091656	0.045045529	0.71111609	0.0011411434	-5.1437074e-005
22	9.4197431	-1.459886	0.18974541	1.5180337	0.0037234233	0.0055501228
23	8.8924984	-2.2653543	0.23921318	2.9435557	0.022213112	-0.016939063
24	2.2856011	-0.57689986	0.13124021	1.6543542	0.092262301	0.13622626
25	7.9759371	-0.0026861286	-0.0067670558	-0.026844543	0.001211983	0.00042262577
26	8.067743	0.02853678	0.0025785607	0.064288411	0.00073502617	-0.00067691192
27	8.6889042	-0.41845509	0.014575168	0.2469603	-0.0012294771	0.0004167128
28	9.8260279	-1.4092011	0.033799668	0.63857562	0.0040270178	0.0011058529
29	11.071243	-2.3627107	0.14089932	1.5315563	-0.015573671	-0.0082824298
30	6.8841016	2.2337076	0.18087177	3.9072422	0.10168	0.10174695
31	8.0265969	0.081454157	0.019130344	0.037331985	0.0012558589	0.00013075523
32	8.2714963	-0.078333034	0.030026553	-0.01919433	6.9769825e-005	-0.0014522725
33	8.9548152	-0.5725496	-0.0047007206	-0.090276133	-0.00069931028	0.0034340189
34	10.321046	-1.3455336	-0.097194695	-0.071894386	0.0065985906	-0.0018850267
35	12.025155	-1.2694313	0.029569885	0.28922124	-0.022535377	0.034185627
36	12.592114	3.8678458	0.21294213	5.7215531	0.14058026	0.090925417
37	7.9298026	0.03464108	0.027579249	-0.0043978942	-0.00023078543	-0.0013673815
38	8.2418512	-0.14787809	-0.0022810504	-0.29715435	0.00014305557	-0.0023990866
39	9.0766198	-0.34010492	-0.028804268	-0.49430505	-0.0006904505	0.0064512942
40	10.575591	-0.30867994	-0.12762016	-0.7809676	0.0081027054	-0.0019025148
41	13.176536	0.98843303	0.16026422	-0.36989375	-0.018734068	0.066289548
42	19.588343	4.3112495	0.54381712	6.1562108	0.13474262	0.018538029
43	7.2157016	-0.068029087	-0.035484877	-0.10346679	-0.00091783321	-0.0015421509
44	8.0139481	0.027752675	-0.036381611	-0.38638565	0.0012207582	-0.00087120228
45	8.8685253	0.36026301	-0.047327851	-0.55267079	0.0023257501	0.0072363334
46	10.404085	1.3092362	-0.1100865	-0.82302275	0.0087220307	-0.00075791661
47	14.076135	3.1512897	0.29172815	-0.37106809	-0.0064851807	0.077840014
48	25.378929	3.4042523	0.75372069	4.1083703	0.076468532	-0.056640852
49	6.6274248	-0.10881644	-0.037324749	-0.029854911	-0.008034333	-0.00047202125
50	7.8625848	0.17270737	-0.040320318	-0.01784425	-0.001584432	0.0022617445
51	8.6819975	0.81544354	-0.030782841	-0.015943999	-0.003933325	0.0059818681
52	10.264437	2.144313	-0.074501045	-0.023094563	-0.0047200855	0.0011539364
53	14.496122	3.9995794	0.33946825	-0.0055658837	0.0017322787	0.075583792
54	27.635181	2.7149009	0.79955781	0.0075605799	-0.0019807221	-0.081932919
55	8.167362	2.4568082	0.057183472	0.035606334	-0.00030938864	0.010328907
56	7.7449581	1.0648635	0.06445659	0.022102695	-0.0045909968	0.0028165295
57	6.7465133	0.60231364	0.089449312	0.019338066	-0.0034763376	0.0060899521
58	4.4125611	0.26185968	0.20285715	0.029996683	-0.0065390971	0.0088044988
59	0.5384542	-1.7254744	-0.11461979	0.013679404	-0.063324286	0.0029839305
60	-1.9222517	-10.730557	-0.54432648	-0.003218134	0.076148937	0.0015014776
61	8.11671	1.6088158	0.058311987	0.14261234	0.001086925	0.0010850551
62	7.9264469	0.79466607	0.060200627	0.63170019	-0.00053564923	-0.0016333732
63	7.3354869	0.25958234	0.11213538	0.98013107	-0.0050328874	-0.003113454
64	5.5367029	-0.17697964	0.24452191	1.7092773	-0.004417907	-0.0097718819
65	1.903185	-1.7837299	-0.046374557	2.0756208	-0.065680749	0.0038914783
66	-1.9102183	-9.0620298	-0.47641049	-0.9830728	0.04928329	-0.078128309
67	7.9785792	0.387844	-0.027448076	0.022555107	0.0015840902	0.0016057403
68	8.1775408	0.29547396	0.013527148	0.62526543	0.0020862807	0.000379474
69	8.3011611	-0.29388793	0.082814029	1.1302914	-0.0041301229	0.00091916976
70	7.783461	-1.0328552	0.24348583	2.164151	-0.0030391474	-0.0065375733
71	5.266185	-2.0642217	0.096864337	3.2139813	-0.052626428	0.016609514
72	-0.88409732	-5.0083752	-0.23189932	-0.41465285	-0.025367975	-0.13461288
73	7.8869696	-0.050547495	-0.041664167	-0.068184335	-0.0015782487	-0.001820498
74	8.1550428	-0.0021249561	-0.030784821	0.27133581	0.00024256242	-0.00023036702
75	8.7442745	-0.49091656	0.045045529	0.71111609	-0.0011411434	5.1436901e-005
76	9.4197431	-1.459886	0.18974541	1.5180337	-0.0037234236	-0.0055501239
77	8.8924984	-2.2653543	0.23921318	2.9435557	-0.022213113	0.016939058
78	2.2856011	-0.57689986	0.13124021	1.6543542	-0.092262304	-0.13622627
79	7.9759371	-0.0026861286	-0.0067670558	-0.026844543	-0.001211983	-0.00042262579
80	8.067743	0.02853678	0.0025785607	0.064288411	-0.00073502618	0.00067691199
81	8.6889042	-0.41845509	0.014575168	0.2469603	0.0012294771	-0.00041671279
82	9.8260279	-1.4092011	0.033799668	0.63857562	-0.0040270184	-0.0011058535
83	11.071243	-2.3627107	0.14089932	1.5315563	0.015573669	0.0082824271
84	6.8841016	2.2337076	0.18087177	3.9072422	-0.10168001	-0.10174696
85	8.0265969	0.081454157	0.019130344	0.037331985	-0.0012558589	-0.0001307553
86	8.2714963	-0.078333034	0.030026553	-0.01919433	-6.9769819e-005	0.0014522726
87	8.9548152	-0.5725496	-0.0047007206	-0.090276133	0.00069931006	-0.0034340188
88	10.321046	-1.3455336	-0.097194695	-0.071894386	-0.0065985917	0.0018850264
89	12.025155	-1.2694313	0.029569885	0.28922124	0.022535373	-0.034185628
90	12.592114	3.8678458	0.21294213	5.7215531	-0.14058027	-0.090925419
91	7.9298026	0.03464108	0.027579249	-0.0043978942	0.00023078557	0.0013673815
92	8.2418512	-0.14787809	-0.0022810504	-0.29715435	-0.00014305559	0.0023990868
93	9.0766198	-0.34010492	-0.028804268	-0.49430505	0.00069045012	-0.0064512939
94	10.575591	-0.30867994	-0.12762016	-0.7809676	-0.0081027069	0.0019025152
95	13.176536	0.98843303	0.16026422	-0.36989375	0.018734063	-0.066289546
96	19.588343	4.3112495	0.54381712	6.1562108	-0.13474263	-0.018538021
97	7.2157016	-0.068029087	-0.035484877	-0.10346679	0.00091783349	0.0015421513
98	8.0139481	0.027752675	-0.036381611	-0.38638565	-0.0012207582	0.00087120273
99	8.8685253	0.36026301	-0.047327851	-0.55267079	-0.0023257504	-0.0072363327
100	10.404085	1.3092362	-0.1100865	-0.82302275	-0.0087220319	0.00075791809
101	14.076135	3.1512897	0.29172815	-0.37106809	0.0064851769	-0.077840009
102	25.378929	3.4042523	0.75372069	4.1083703	-0.07646854	0.056640867
103	6.6274248	-0.10881644	-0.037324749	-0.029854911	0.008034333	0.00047202211
104	7.8625848	0.17270737	-0.040320318	-0.01784425	0.001584432	-0.0022617439
105	8.6819975	0.81544354	-0.030782841	-0.015943999	0.003933325	-0.0059818672
106	10.264437	2.144313	-0.074501045	-0.023094563	0.0047200855	-0.0011539344
107	14.496122	3.9995794	0.33946825	-0.0055658837	-0.0017322787	-0.075583785
108	27.635181	2.7149009	0.79955781	0.0075605799	0.0019807221	0.081932936
end values
result "Stresses" "IGA" 9 Matrix OnNodes
ComponentNames "Sxx" "Syy" "Szz" "Sxy" "Syz" "Sxz" 
ResultRangesTable "My table" 
values
#Node S_xx S_yy S_xz S_xy S_yz S_xz 
1	9.1882956	2.7638564	0.064330456	0.040055189	0.00034720009	-0.011619527
2	8.713096	1.197951	0.072512332	0.024864649	0.0051641754	-0.0031685602
3	7.5898589	0.67759321	0.10062924	0.02175475	0.0039104729	-0.0068510965
4	4.9641852	0.2946017	0.22821614	0.033745977	0.0073551245	-0.0099052204
5	0.60580797	-1.9410871	-0.12894122	0.015390382	0.07124095	-0.0033574347
6	-2.1625669	-12.071836	-0.61236686	-0.0036188418	-0.085667474	-0.0016885619
7	9.1313183	1.8098925	0.065600304	0.16043751	-0.0012231731	-0.0012206445
8	8.9172691	0.89398406	0.067724585	0.71065039	0.00060222069	0.0018374905
9	8.2524409	0.29202573	0.12614991	1.1026302	0.005661582	0.0035024672
10	6.2288299	-0.19909799	0.27508616	1.9229186	0.0049692613	0.010993277
11	2.1411497	-2.0066572	-0.052166659	2.3350916	0.073891054	-0.0043797154
12	-2.1489944	-10.194703	-0.53595619	-1.105936	-0.055440785	0.087897824
13	8.9759303	0.43632313	-0.030876658	0.025377906	-0.0017820743	-0.0018064594
14	9.1997517	0.3324024	0.015218141	0.7034183	-0.0023471731	-0.00042687832
15	9.3388106	-0.33062153	0.093163859	1.2715631	0.0046460813	-0.0010341369
16	8.7563968	-1.1619602	0.27391476	2.4346431	0.0034191363	0.0073545389
17	5.9245292	-2.3222581	0.10897055	3.615715	0.059203707	-0.018687781
18	-0.99452318	-5.6342925	-0.2608759	-0.46643369	0.028546168	0.1514421
19	8.8728712	-0.056879838	-0.046871086	-0.07670422	0.0017755029	0.0020478513
20	9.1744507	-0.0023911375	-0.034631533	0.30525651	-0.00027294753	0.00025913363
21	9.8373195	-0.55227866	0.050676376	0.80000197	0.0012835773	-5.783951e-005
22	10.597193	-1.6423661	0.2134554	1.7077717	0.004189755	0.0062435738
23	10.004084	-2.5485356	0.26910807	3.3114473	0.024988877	-0.019056737
24	2.5714564	-0.6488924	0.14764956	1.8612032	0.10380324	0.15325443
25	8.9729593	-0.0030277419	-0.0076130478	-0.030208825	0.0013634778	0.00047532912
26	9.0762456	0.032103115	0.0029009133	0.072325862	0.00082694531	-0.00076160468
27	9.7750403	-0.47076016	0.016397937	0.27783179	-0.0013832964	0.00046899889
28	11.054275	-1.5853503	0.038018732	0.71839654	0.0045313371	0.001243544
29	12.455114	-2.6580297	0.15850452	1.7229513	-0.017518751	-0.0093159356
30	7.7447758	2.5129892	0.20347793	4.3956716	0.11439934	0.11446583
31	9.0299787	0.0916363	0.021522045	0.04198596	0.0014127865	0.00014704782
32	9.3054767	-0.088123587	0.033780114	-0.021594305	7.8476935e-005	-0.0016338339
33	10.074193	-0.64411963	-0.005288639	-0.10155891	-0.00078655597	0.0038633743
34	11.611175	-1.5137265	-0.10934831	-0.080882307	0.0074243853	-0.0021210593
35	13.528248	-1.4280546	0.033261965	0.32536468	-0.025346753	0.038460833
36	14.166246	4.3513335	0.23956512	6.4367314	0.15816211	0.10228809
37	8.9211008	0.038971888	0.031027238	-0.0049585362	-0.00025972509	-0.0015382389
38	9.2721343	-0.16636223	-0.0025657518	-0.33430225	0.00016094112	-0.0026988948
39	10.21123	-0.3826207	-0.032406204	-0.55609489	-0.00077632645	0.0072575578
40	11.897549	-0.34725746	-0.14357273	-0.87858352	0.0091166402	-0.002140142
41	14.823574	1.1120269	0.18029321	-0.41608215	-0.021067872	0.074574587
42	22.03684	4.8500639	0.61179076	6.9256697	0.15158878	0.020850508
43	8.1177441	-0.076532184	-0.039920024	-0.11640894	-0.0010327681	-0.0017348268
44	9.0157463	0.031225103	-0.040929099	-0.43468998	0.0013733595	-0.00097999887
45	9.9771299	0.40530076	-0.053244631	-0.62175859	0.0026168356	0.0081404827
46	11.704633	1.4729031	-0.12383977	-0.92588946	0.0098129019	-0.00085202995
47	15.835692	3.5451679	0.32819226	-0.41738821	-0.0072902833	0.087564397
48	28.551032	3.8296203	0.84791355	4.6218432	0.086026762	-0.063721609
49	7.4559292	-0.12241838	-0.041990075	-0.033587483	-0.0090387171	-0.00053091523
50	8.8454629	0.19430245	-0.045360087	-0.020075213	-0.001782457	0.0025445952
51	9.7672887	0.9173852	-0.034630765	-0.017937299	-0.0044249197	0.0067291129
52	11.547549	2.412361	-0.083803809	-0.025980911	-0.0053096091	0.0012988613
53	16.308218	4.4994436	0.38189871	-0.0062601176	0.0019494359	0.08502403
54	31.089203	3.0540814	0.89946981	0.0085071454	-0.0022289576	-0.092172213
55	9.1882956	2.7638564	0.064330456	0.040055189	-0.00034719881	0.011619527
56	8.713096	1.197951	0.072512332	0.024864649	-0.0051641747	0.0031685602
57	7.5898589	0.67759321	0.10062924	0.02175475	-0.0039104719	0.0068510965
58	4.9641852	0.2946017	0.22821614	0.033745977	-0.0073551221	0.0099052204
59	0.60580797	-1.9410871	-0.12894122	0.015390382	-0.071240943	0.0033574347
60	-2.1625669	-12.071836	-0.61236686	-0.0036188418	0.085667492	0.0016885619
61	9.1313183	1.8098925	0.065600304	0.16043751	0.0012231737	0.001220645
62	8.9172691	0.89398406	0.067724585	0.71065039	-0.00060222013	-0.0018374904
63	8.2524409	0.29202573	0.12614991	1.1026302	-0.0056615812	-0.0035024675
64	6.2288299	-0.19909799	0.27508616	1.9229186	-0.0049692596	-0.010993278
65	2.1411497	-2.0066572	-0.052166659	2.3350916	-0.073891048	0.0043797111
66	-2.1489944	-10.194703	-0.53595619	-1.105936	0.0554408	-0.087897833
67	8.9759303	0.43632313	-0.030876658	0.025377906	0.0017820742	0.0018064597
68	9.1997517	0.3324024	0.015218141	0.7034183	0.0023471733	0.0004268784
69	9.3388106	-0.33062153	0.093163859	1.2715631	-0.0046460809	0.0010341365
70	8.7563968	-1.1619602	0.27391476	2.4346431	-0.0034191359	-0.0073545406
71	5.9245292	-2.3222581	0.10897055	3.615715	-0.059203705	0.018687775
72	-0.99452318	-5.6342925	-0.2608759	-0.46643369	-0.028546161	-0.15144212
73	8.8728712	-0.056879838	-0.046871086	-0.07670422	-0.0017755031	-0.0020478513
74	9.1744507	-0.0023911375	-0.034631533	0.30525651	0.00027294756	-0.00025913353
75	9.8373195	-0.55227866	0.050676376	0.80000197	-0.0012835772	5.7839317e-005
76	10.597193	-1.6423661	0.2134554	1.7077717	-0.0041897553	-0.0062435751
77	10.004084	-2.5485356	0.26910807	3.3114473	-0.024988878	0.019056732
78	2.5714564	-0.6488924	0.14764956	1.8612032	-0.10380325	-0.15325444
79	8.9729593	-0.0030277419	-0.0076130478	-0.030208825	-0.0013634778	-0.00047532916
80	9.0762456	0.032103115	0.0029009133	0.072325862	-0.00082694532	0.00076160476
81	9.7750403	-0.47076016	0.016397937	0.27783179	0.0013832964	-0.00046899888
82	11.054275	-1.5853503	0.038018732	0.71839654	-0.0045313377	-0.0012435446
83	12.455114	-2.6580297	0.15850452	1.7229513	0.017518748	0.0093159325
84	7.7447758	2.5129892	0.20347793	4.3956716	-0.11439935	-0.11446584
85	9.0299787	0.0916363	0.021522045	0.04198596	-0.0014127865	-0.0001470479
86	9.3054767	-0.088123587	0.033780114	-0.021594305	-7.8476927e-005	0.001633834
87	10.074193	-0.64411963	-0.005288639	-0.10155891	0.00078655573	-0.0038633742
88	11.611175	-1.5137265	-0.10934831	-0.080882307	-0.0074243865	0.0021210589
89	13.528248	-1.4280546	0.033261965	0.32536468	0.025346748	-0.038460834
90	14.166246	4.3513335	0.23956512	6.4367314	-0.15816212	-0.10228809
91	8.9211008	0.038971888	0.031027238	-0.0049585362	0.00025972526	0.0015382389
92	9.2721343	-0.16636223	-0.0025657518	-0.33430225	-0.00016094114	0.002698895
93	10.21123	-0.3826207	-0.032406204	-0.55609489	0.00077632602	-0.0072575574
94	11.897549	-0.34725746	-0.14357273	-0.87858352	-0.0091166419	0.0021401425
95	14.823574	1.1120269	0.18029321	-0.41608215	0.021067866	-0.074574585
96	22.03684	4.8500639	0.61179076	6.9256697	-0.15158879	-0.0208505
97	8.1177441	-0.076532184	-0.039920024	-0.11640894	0.0010327684	0.0017348273
98	9.0157463	0.031225103	-0.040929099	-0.43468998	-0.0013733595	0.00097999938
99	9.9771299	0.40530076	-0.053244631	-0.62175859	-0.002616836	-0.0081404819
100	11.704633	1.4729031	-0.12383977	-0.92588946	-0.0098129031	0.00085203161
101	15.835692	3.5451679	0.32819226	-0.41738821	0.0072902791	-0.087564392
102	28.551032	3.8296203	0.84791355	4.6218432	-0.086026771	0.063721625
103	7.4559292	-0.12241838	-0.041990075	-0.033587483	0.0090387171	0.00053091619
104	8.8454629	0.19430245	-0.045360087	-0.020075213	0.001782457	-0.0025445946
105	9.7672887	0.9173852	-0.034630765	-0.017937299	0.0044249197	-0.0067291119
106	11.547549	2.412361	-0.083803809	-0.025980911	0.0053096091	-0.001298859
107	16.308218	4.4994436	0.38189871	-0.0062601176	-0.0019494359	-0.085024022
108	31.089203	3.0540814	0.89946981	0.0085071454	0.0022289576	0.092172233
end values
result "Stresses" "IGA" 10 Matrix OnNodes
ComponentNames "Sxx" "Syy" "Szz" "Sxy" "Syz" "Sxz" 
ResultRangesTable "My table" 
values
#Node S_xx S_yy S_xz S_xy S_yz S_xz 
1	10.209232	3.0708929	0.071477228	0.044503613	0.0003848186	-0.012910036
2	9.6812379	1.3310341	0.080567779	0.027626407	0.0057371985	-0.0035205831
3	8.4332114	0.75287063	0.1118089	0.024171307	0.0043445167	-0.0076122188
4	5.5158213	0.32734584	0.25357554	0.037495206	0.0081708471	-0.011005977
5	0.67317219	-2.156684	-0.14326131	0.017101594	0.079157856	-0.0037310529
6	-2.4028896	-13.413106	-0.68040713	-0.0040192031	-0.095186012	-0.0018755127
7	10.145931	2.0109637	0.07288847	0.17826237	-0.0013595067	-0.001356225
8	9.908095	0.99329866	0.075248294	0.78959785	0.00066870606	0.0020415956
9	9.169399	0.32446813	0.1401639	1.2251255	0.0062901832	0.0038914432
10	6.9209657	-0.22121543	0.30565018	2.1365559	0.0055204174	0.012214653
11	2.3791292	-2.2295759	-0.057957714	2.5945665	0.082101399	-0.0048683482
12	-2.3877702	-11.327359	-0.59550065	-1.2287946	-0.061597647	0.097668122
13	9.9732877	0.48480196	-0.0343047	0.028201461	-0.0019800523	-0.0020071792
14	10.221967	0.36932956	0.016909157	0.78156999	-0.0026080895	-0.00047427607
15	10.376461	-0.36735459	0.10351326	1.4128314	0.0051619711	-0.0011491194
16	9.7293333	-1.2910649	0.30434217	2.7051292	0.003799146	0.0081714551
17	6.5828892	-2.5802965	0.12107636	4.0174456	0.065780757	-0.020766502
18	-1.1049299	-6.2601811	-0.28985006	-0.51820326	0.031725953	0.16827193
19	9.8587795	-0.063215271	-0.05207776	-0.085223405	0.0019727515	0.0022751582
20	10.193865	-0.0026574437	-0.038477936	0.33917803	-0.00030334708	0.00028789363
21	10.930367	-0.61364021	0.056307258	0.88888705	0.0014259647	-6.4235902e-005
22	11.774638	-1.8248449	0.23716358	1.8975062	0.0046562875	0.006936955
23	11.115676	-2.8317195	0.29900146	3.6793271	0.027764448	-0.021174475
24	2.8573461	-0.72085829	0.16405987	2.0680644	0.115346	0.17028256
25	9.9699881	-0.0033706542	-0.0084590641	-0.033575043	0.0015149721	0.00052800474
26	10.084756	0.035669281	0.0032232732	0.080363625	0.00091887355	-0.00084631494
27	10.861181	-0.52306483	0.0182209	0.30870361	-0.0015371457	0.00052132875
28	12.28252	-1.7614993	0.042236486	0.79821723	0.0050358656	0.0013811149
29	13.838978	-2.9533442	0.17610811	1.9143354	-0.01946347	-0.010349042
30	8.6054859	2.7922859	0.22608346	4.8841064	0.12712076	0.12718482
31	10.033373	0.10181853	0.023913838	0.046637154	0.0015697019	0.00016332891
32	10.339467	-0.0979139	0.037533728	-0.023994432	8.7180909e-005	-0.0018154015
33	11.193577	-0.71568995	-0.0058766304	-0.11284129	-0.00087376431	0.0042927526
34	12.901303	-1.6819196	-0.12150288	-0.089870478	0.0082503956	-0.0023571817
35	15.031331	-1.5866656	0.036953122	0.36150609	-0.028156896	0.042736483
36	15.740403	4.8348227	0.26618928	7.1519062	0.17574602	0.11365009
37	9.9124151	0.043302846	0.034475357	-0.0055216015	-0.00028868509	-0.0017090817
38	10.302429	-0.18484622	-0.0028503577	-0.37145094	0.00017882746	-0.0029986857
39	11.345847	-0.42513708	-0.036008453	-0.61788511	-0.00086210675	0.0080637884
40	13.219509	-0.38583331	-0.15952533	-0.97619831	0.010130819	-0.0023777276
41	16.470605	1.2356296	0.20032131	-0.46225982	-0.023399909	0.082859368
42	24.485327	5.3888578	0.67976361	7.6951137	0.16843567	0.023161928
43	9.0198045	-0.085035162	-0.044355069	-0.12935305	-0.0011477486	-0.0019274821
44	10.017557	0.034698274	-0.04547654	-0.48299567	0.0015259623	-0.0010887724
45	11.085743	0.45033959	-0.059161589	-0.69084727	0.0029080026	0.0090445448
46	13.005189	1.6365727	-0.13759137	-1.0287537	0.01090391	-0.00094600414
47	17.595258	3.9390386	0.36465595	-0.46369425	-0.0080941541	0.097287533
48	31.723077	4.254952	0.94210146	5.1352998	0.095584917	-0.070802509
49	8.2844506	-0.13602029	-0.046655343	-0.037320212	-0.010043122	-0.00058978505
50	9.8283533	0.21589902	-0.050399795	-0.022306272	-0.0019804756	0.0028274754
51	10.852589	1.0193293	-0.038478705	-0.019930666	-0.0049164985	0.0074762492
52	12.830673	2.6804109	-0.09310438	-0.028867153	-0.0058990244	0.0014439378
53	18.120332	4.9992893	0.42432848	-0.0069540179	0.0021667314	0.094462549
54	34.543143	3.3932215	0.99937454	0.0094540423	-0.0024773363	-0.10241099
55	10.209232	3.0708929	0.071477228	0.044503613	-0.00038481717	0.012910036
56	9.6812379	1.3310341	0.080567779	0.027626407	-0.0057371977	0.0035205831
57	8.4332114	0.75287063	0.1118089	0.024171307	-0.0043445155	0.0076122188
58	5.5158213	0.32734584	0.25357554	0.037495206	-0.0081708445	0.011005977
59	0.67317219	-2.156684	-0.14326131	0.017101594	-0.079157848	0.0037310529
60	-2.4028896	-13.413106	-0.68040713	-0.0040192031	0.095186033	0.0018755127
61	10.145931	2.0109637	0.07288847	0.17826237	0.0013595074	0.0013562255
62	9.908095	0.99329866	0.075248294	0.78959785	-0.00066870543	-0.0020415956
63	9.169399	0.32446813	0.1401639	1.2251255	-0.0062901823	-0.0038914436
64	6.9209657	-0.22121543	0.30565018	2.1365559	-0.0055204155	-0.012214654
65	2.3791292	-2.2295759	-0.057957714	2.5945665	-0.082101393	0.0048683435
66	-2.3877702	-11.327359	-0.59550065	-1.2287946	0.061597664	-0.097668132
67	9.9732877	0.48480196	-0.0343047	0.028201461	0.0019800522	0.0020071795
68	10.221967	0.36932956	0.016909157	0.78156999	0.0026080897	0.00047427616
69	10.376461	-0.36735459	0.10351326	1.4128314	-0.0051619707	0.001149119
70	9.7293333	-1.2910649	0.30434217	2.7051292	-0.0037991455	-0.008171457
71	6.5828892	-2.5802965	0.12107636	4.0174456	-0.065780755	0.020766495
72	-1.1049299	-6.2601811	-0.28985006	-0.51820326	-0.031725945	-0.16827195
73	9.8587795	-0.063215271	-0.05207776	-0.085223405	-0.0019727517	-0.0022751581
74	10.193865	-0.0026574437	-0.038477936	0.33917803	0.00030334712	-0.00028789352
75	10.930367	-0.61364021	0.056307258	0.88888705	-0.0014259647	6.4235685e-005
76	11.774638	-1.8248449	0.23716358	1.8975062	-0.0046562879	-0.0069369564
77	11.115676	-2.8317195	0.29900146	3.6793271	-0.02776445	0.02117447
78	2.8573461	-0.72085829	0.16405987	2.0680644	-0.115346	-0.17028258
79	9.9699881	-0.0033706542	-0.0084590641	-0.033575043	-0.0015149721	-0.00052800478
80	10.084756	0.035669281	0.0032232732	0.080363625	-0.00091887356	0.00084631503
81	10.861181	-0.52306483	0.0182209	0.30870361	0.0015371456	-0.00052132874
82	12.28252	-1.7614993	0.042236486	0.79821723	-0.0050358664	-0.0013811156
83	13.838978	-2.9533442	0.17610811	1.9143354	0.019463466	0.010349038
84	8.6054859	2.7922859	0.22608346	4.8841064	-0.12712077	-0.12718483
85	10.033373	0.10181853	0.023913838	0.046637154	-0.0015697019	-0.000163329
86	10.339467	-0.0979139	0.037533728	-0.023994432	-8.7180903e-005	0.0018154015
87	11.193577	-0.71568995	-0.0058766304	-0.11284129	0.00087376404	-0.0042927525
88	12.901303	-1.6819196	-0.12150288	-0.089870478	-0.008250397	0.0023571812
89	15.031331	-1.5866656	0.036953122	0.36150609	0.02815689	-0.042736485
90	15.740403	4.8348227	0.26618928	7.1519062	-0.17574604	-0.11365009
91	9.9124151	0.043302846	0.034475357	-0.0055216015	0.00028868526	0.0017090817
92	10.302429	-0.18484622	-0.0028503577	-0.37145094	-0.00017882749	0.0029986859
93	11.345847	-0.42513708	-0.036008453	-0.61788511	0.00086210627	-0.008063788
94	13.219509	-0.38583331	-0.15952533	-0.97619831	-0.010130821	0.0023777281
95	16.470605	1.2356296	0.20032131	-0.46225982	0.023399902	-0.082859366
96	24.485327	5.3888578	0.67976361	7.6951137	-0.16843569	-0.023161919
97	9.0198045	-0.085035162	-0.044355069	-0.12935305	0.001147749	0.0019274826
98	10.017557	0.034698274	-0.04547654	-0.48299567	-0.0015259623	0.001088773
99	11.085743	0.45033959	-0.059161589	-0.69084727	-0.002908003	-0.0090445439
100	13.005189	1.6365727	-0.13759137	-1.0287537	-0.010903912	0.00094600599
101	17.595258	3.9390386	0.36465595	-0.46369425	0.0080941494	-0.097287526
102	31.723077	4.254952	0.94210146	5.1352998	-0.095584927	0.070802527
103	8.2844506	-0.13602029	-0.046655343	-0.037320212	0.010043122	0.00058978613
104	9.8283533	0.21589902	-0.050399795	-0.022306272	0.0019804756	-0.0028274746
105	10.852589	1.0193293	-0.038478705	-0.019930666	0.0049164985	-0.007476248
106	12.830673	2.6804109	-0.09310438	-0.028867153	0.0058990244	-0.0014439352
107	18.120332	4.9992893	0.42432848	-0.0069540179	-0.0021667314	-0.094462541
108	34.543143	3.3932215	0.99937454	0.0094540423	0.0024773363	0.10241101
end values
